   0.0992585       -1.104    -0.243148     0.446988    0.0133125    -0.127862    -0.870212    -0.655391     -1.89221   -0.0618551
    -2.63837    -0.194475     -2.89874      -1.4815    0.0940469   -0.0876559      2.85961     0.614819      1.02566     0.104268
     3.20921    -0.322393      3.69218      2.09189    -0.106986    0.0445377     -3.94478     -1.18312     -2.06689    -0.149785
-0.000568483  -0.00011274  0.000618176  0.000746562  0.000127853 -0.000335659 -0.000209286 -0.000377303  -0.00173182  6.03844e-05
   -0.499556      -1.2765    -0.621839    0.0147581   0.00418781   -0.0502271     0.446838    -0.684024    -0.758485   -0.0339216
 -0.00603656   -0.0132182  -0.00713507 -0.000662193  8.67048e-06 -0.000354874   0.00575023  -0.00689482  -0.00607948 -0.000321652
    -1.16539     0.952764    -0.567788    -0.781896    0.0352729    0.0551807      1.83039     0.747178       2.0486     0.106625
     1.21942     0.408009      1.44816     0.547338   -0.0550409    0.0977217      -1.0659   -0.0988914     0.191607   -0.0330185
     1.06038     -0.22348     0.807109     0.564654   -0.0420561    0.0208806      -1.4251    -0.330259    -0.889125   -0.0662256
  0.00843745  0.000584665   0.00934514   0.00386053 -0.000438378  0.000673074  -0.00895212  -0.00198809 -0.000650769 -0.000360861
