   -0.990798 -0.000969722   0.00127115 -0.000139316 -1.60133e-06   4.4741e-05  -0.00128667  0.000383254  -0.00052045  -0.00010077
   0.0623783    -0.941245    0.0207237   -0.0549423   0.00148369  -0.00675692     0.108414   -0.0928571   -0.0129898   0.00239106
   -0.650027     0.589673     0.757418   -0.0633371  0.000659526   -0.0155284     0.316057     0.066279     0.269921    0.0402667
  -0.0319526    0.0268043   -0.0319463   0.00870452    -0.303279     0.753887 -0.000755095  -0.00753773   0.00833999   -0.0104998
    -1.04104     0.466629    -0.520637      1.03641   0.00101063   -0.0359643       0.5993    -0.393623     0.331812     0.040174
    0.695457    -0.398133     0.460366    -0.067108      0.70851     0.324277    -0.407499     0.205519    -0.208315   0.00914563
   -0.392684     0.181974    -0.239025    -0.143016    0.0133302   -0.0395089      1.05564   0.00665694   -0.0530536   -0.0116596
    0.398337     -0.65119     0.277862    -0.267629   -0.0124063    0.0406652     -0.15082      1.48083    -0.183345    -0.029036
    -4.09113      1.80574     -2.91985     0.291221    0.0985493    -0.207418      2.09395    -0.713538      2.14915   0.00493221
    -4.33584      2.46302     -2.84626     0.469199    0.0660988     0.209506      2.60259     -1.29645      1.22706      1.29301
