0 1643
1 2507
2 2507
3 1631
4 1630
5 1603
6 1603
7 2449
8 2507
9 2507
10 2449
11 302
12 303
13 359
14 393
15 394
16 394
17 394
18 394
19 1605
20 1607
21 1607
22 1605
23 422
24 422
25 302
26 302
27 396
28 422
29 422
30 422
31 422
32 422
33 422
34 422
35 422
36 422
37 396
38 396
39 396
40 396
41 422
42 422
43 422
44 422
45 394
46 396
47 396
48 396
49 1599
50 1643
51 422
52 422
53 422
54 422
55 422
56 393
57 393
58 1630
59 1643
60 2450
61 1643
62 1607
63 1604
64 2450
65 394
66 394
67 2782
68 2593
69 2592
70 2787
71 2595
72 2593
73 2591
74 2596
75 2782
76 2507
77 396
78 422
79 422
80 396
81 2595
82 1887
83 1763
84 1763
85 2595
86 2595
87 2595
88 1845
89 2590
90 2591
91 2592
92 2594
93 1913
94 2788
95 394
96 396
97 396
98 394
99 2787
100 2595
101 2593
102 2592
103 1630
104 1603
105 1630
106 1605
107 1546
108 1605
109 1630
110 2449
111 2449
112 2449
113 1604
114 394
115 393
116 394
117 394
118 1607
119 302
120 303
121 302
122 393
123 393
124 359
125 393
126 1643
127 2507
128 2591
129 2449
130 1630
131 1643
132 2449
133 1605
134 1603
135 393
136 359
137 302
138 393
139 359
140 300
141 1607
142 302
143 393
144 2450
145 2593
146 2450
147 1631
148 1631
149 302
150 393
151 394
152 394
153 393
154 393
155 394
156 394
157 393
158 394
159 393
160 393
161 396
162 396
163 396
164 396
165 396
166 422
167 422
168 422
169 396
170 396
171 396
172 396
173 2787
174 359
175 302
176 393
177 302
178 396
179 396
180 394
181 393
182 1607
183 1607
184 303
185 1603
186 1604
187 2591
188 422
189 422
190 302
191 393
192 1607
193 1631
194 2450
195 2592
196 2595
197 2592
198 2450
199 2787
200 2593
201 2450
202 1631
203 1607
204 302
205 393
206 1599
207 1844
208 2596
209 2596
210 2590
211 1763
212 2787
213 2595
214 1763
215 1887
216 2594
217 2594
218 2788
219 2596
220 422
221 422
222 422
223 422
224 1607
225 1605
226 422
227 302
228 422
229 422
230 422
231 422
232 422
233 422
234 422
235 422
236 422
237 422
238 422
239 422
240 422
241 422
242 422
243 422
244 422
245 422
246 1643
247 2449
248 2507
249 2507
250 1540
251 1603
252 1630
253 1631
254 2449
255 1643
256 2450
257 2507
258 393
259 393
260 303
261 302
262 394
263 394
264 394
265 394
266 422
267 422
268 422
269 422
270 422
271 422
272 396
273 396
274 396
275 396
276 422
277 422
278 396
279 396
280 396
281 396
282 394
283 393
284 1630
285 1643
286 2450
287 1643
288 1607
289 1604
290 394
291 394
292 396
293 422
294 422
295 396
296 396
297 396
298 396
299 396
300 393
301 393
302 393
303 393
304 302
305 393
306 394
307 393
308 393
309 394
310 396
311 396
312 396
313 396
314 396
315 396
316 396
317 396
318 396
319 422
320 394
321 394
322 394
323 394
324 396
325 394
326 302
327 393
328 393
329 359
330 359
331 2593
332 2593
333 2592
334 2591
335 2593
336 2507
337 2591
338 2591
339 2592
340 1630
341 1603
342 1631
343 1630
344 1603
345 1604
346 1603
347 2449
348 2449
349 1604
350 2449
351 394
352 393
353 394
354 394
355 302
356 1607
357 359
358 303
359 1643
360 2507
361 2450
362 1643
363 2449
364 1643
365 1630
366 1603
367 1605
368 300
369 300
370 1605
371 393
372 359
373 393
374 393
375 302
376 393
377 1607
378 303
379 1604
380 1607
381 2591
382 396
383 396
384 396
385 396
386 394
387 396
388 394
389 396
390 394
391 394
392 396
393 394
394 394
395 394
396 394
397 394
398 394
399 394
400 394
401 394
402 394
403 394
404 394
405 394
406 394
407 394
408 394
409 396
410 396
411 394
412 394
413 396
414 396
415 396
416 396
417 394
418 394
419 394
420 394
421 394
422 394
423 394
424 394
425 394
426 394
427 394
428 394
429 394
430 394
431 394
432 394
433 394
434 394
435 394
436 394
437 394
438 394
439 394
440 394
441 394
442 396
443 394
444 394
445 394
446 394
447 394
448 394
449 396
450 396
451 394
452 394
453 396
454 396
455 394
456 394
457 394
458 394
459 394
460 394
461 394
462 394
463 394
464 394
465 394
466 394
467 394
468 394
469 394
470 396
471 396
472 394
473 394
474 394
475 394
476 394
477 394
478 394
479 394
480 396
481 394
482 396
483 394
484 394
485 396
486 396
487 394
488 394
489 396
490 396
491 396
492 396
493 396
494 396
495 396
496 396
497 396
498 396
499 396
500 396
501 396
502 396
503 394
504 394
505 394
506 394
507 394
508 394
509 394
510 394
511 396
512 396
513 394
514 1607
515 1604
516 303
517 302
518 300
519 300
520 302
521 302
522 1607
523 302
524 303
525 1604
526 1603
527 303
528 303
529 1603
530 1603
531 1605
532 300
533 300
534 1630
535 1603
536 1630
537 1605
538 1631
539 1607
540 300
541 1630
542 1630
543 1607
544 1607
545 1607
546 302
547 302
548 1607
549 393
550 393
551 393
552 393
553 302
554 393
555 393
556 1607
557 393
558 393
559 303
560 1604
561 393
562 393
563 1607
564 393
565 393
566 1607
567 393
568 393
569 393
570 393
571 1630
572 393
573 393
574 1630
575 1607
576 393
577 303
578 1604
579 393
580 393
581 303
582 1604
583 300
584 302
585 302
586 300
587 300
588 302
589 393
590 393
591 302
592 300
593 302
594 300
595 393
596 302
597 1607
598 393
599 302
600 393
601 302
602 300
603 1607
604 393
605 393
606 302
607 302
608 393
609 302
610 1604
611 1604
612 393
613 1604
614 1630
615 300
616 300
617 1630
618 1631
619 393
620 393
621 300
622 1630
623 300
624 1630
625 393
626 393
627 1607
628 1630
629 300
630 393
631 393
632 1603
633 303
634 303
635 1605
636 1603
637 303
638 393
639 393
640 300
641 1631
642 1631
643 1603
644 393
645 393
646 1607
647 1630
648 393
649 393
650 1607
651 1630
652 2449
653 1643
654 2449
655 2450
656 2590
657 2594
658 2594
659 1887
660 1795
661 1746
662 1746
663 1747
664 1879
665 1879
666 1747
667 2782
668 2591
669 2593
670 2534
671 2591
672 2450
673 2450
674 2591
675 1746
676 1746
677 1760
678 1763
679 1879
680 1880
681 1884
682 1879
683 1880
684 1880
685 1884
686 2788
687 2788
688 2594
689 2596
690 2593
691 2592
692 2507
693 2507
694 2591
695 2449
696 2450
697 1880
698 1879
699 2449
700 2450
701 2449
702 1643
703 1844
704 1845
705 2450
706 2450
707 2507
708 2449
709 2450
710 2507
711 2591
712 2591
713 2507
714 2591
715 2450
716 2450
717 2534
718 2595
719 2788
720 2534
721 2591
722 2507
723 2507
724 2450
725 1643
726 1643
727 1643
728 1747
729 1747
730 1879
731 1743
732 1746
733 1879
734 1880
735 1880
736 2582
737 2838
738 1747
739 1880
740 3003
741 2566
742 1951
743 1747
744 1880
745 1951
746 1951
747 1747
748 1880
749 1884
750 1884
751 1546
752 1603
753 1604
754 1603
755 1605
756 1605
757 1604
758 1604
759 1604
760 1603
761 1540
762 1604
763 1605
764 1603
765 1605
766 1603
767 1603
768 1605
769 1631
770 1631
771 1605
772 1603
773 1631
774 1630
775 1631
776 1630
777 1630
778 1643
779 1630
780 1630
781 1643
782 1643
783 1630
784 1631
785 1630
786 1643
787 1643
788 1605
789 1603
790 1603
791 1631
792 1546
793 1603
794 1603
795 1631
796 1630
797 1631
798 1630
799 1630
800 1630
801 1630
802 1643
803 1643
804 1540
805 1643
806 1630
807 1630
808 1643
809 1643
810 1630
811 1643
812 1605
813 1631
814 1631
815 1630
816 1630
817 1630
818 1630
819 1643
820 1643
821 1643
822 1643
823 1630
824 2449
825 2449
826 2449
827 2450
828 2450
829 2592
830 2591
831 2591
832 2592
833 2592
834 2591
835 2591
836 2591
837 2313
838 2782
839 2508
840 2508
841 2507
842 2507
843 2507
844 2507
845 2507
846 2507
847 2566
848 2812
849 1943
850 1884
851 1884
852 1884
853 1884
854 1884
855 1880
856 1884
857 1880
858 1746
859 2449
860 2449
861 1643
862 2449
863 2450
864 2450
865 2449
866 1643
867 2449
868 2449
869 2450
870 2450
871 2449
872 2450
873 2450
874 2507
875 2450
876 2507
877 2507
878 2591
879 2591
880 2507
881 2593
882 2507
883 2507
884 2507
885 2450
886 2507
887 2507
888 2507
889 2449
890 1643
891 1643
892 1643
893 1643
894 1643
895 1630
896 1630
897 1630
898 1630
899 1631
900 2449
901 2507
902 2507
903 2507
904 2507
905 2782
906 2782
907 2294
908 3529
909 2809
910 2450
911 1746
912 1760
913 1951
914 1879
915 1880
916 1747
917 1884
918 1951
919 1631
920 1630
921 1603
922 1630
923 1540
924 1643
925 2449
926 1880
927 1879
928 1746
929 1763
930 2450
931 2507
932 2507
933 1607
934 1607
935 1604
936 1604
937 1604
938 1604
939 1607
940 1603
941 1603
942 2449
943 2449
944 2449
945 2449
946 1630
947 1630
948 2449
949 2449
950 1631
951 1605
952 2449
953 1643
954 1603
955 2449
956 2449
957 2449
958 1643
959 1599
960 1643
961 2782
962 2591
963 2507
964 2591
965 2591
966 2507
967 2449
968 1643
969 1643
970 2449
971 1643
972 1630
973 1630
974 1630
975 1643
976 1630
977 1630
978 1779
979 1776
980 1743
981 1773
982 1746
983 1747
984 1880
985 1879
986 1746
987 1879
988 1747
989 2594
990 2534
991 2788
992 2788
993 2507
994 2591
995 2592
996 2507
997 2592
998 1746
999 1743
1000 1742
1001 1743
1002 1746
1003 1743
1004 1799
1005 1760
1006 1773
1007 2590
1008 1844
1009 2507
1010 2450
1011 2450
1012 2507
1013 1643
1014 2450
1015 2507
1016 2507
1017 2534
1018 2593
1019 1760
1020 2596
1021 2782
1022 2277
1023 2308
1024 2787
1025 2450
1026 2507
1027 2450
1028 2449
1029 1763
1030 1844
1031 2534
1032 2788
1033 2534
1034 2787
1035 2591
1036 2507
1037 2507
1038 2591
1039 1844
1040 1844
1041 2788
1042 2534
1043 2592
1044 2507
1045 2591
1046 2591
1047 2593
1048 2174
1049 2507
1050 2507
1051 2508
1052 2508
1053 2507
1054 2507
1055 2507
1056 2507
1057 2507
1058 2507
1059 2507
1060 2507
1061 2830
1062 3528
1063 1857
1064 2812
1065 2812
1066 2809
1067 1948
1068 1951
1069 2582
1070 2845
1071 2834
1072 2311
1073 3221
1074 2508
1075 2581
1076 2837
1077 1747
1078 1747
1079 1746
1080 1746
1081 1742
1082 1742
1083 1746
1084 1879
1085 1879
1086 1880
1087 1603
1088 1603
1089 1604
1090 1546
1091 1603
1092 1603
1093 1605
1094 1603
1095 1604
1096 1603
1097 1605
1098 1605
1099 1546
1100 1603
1101 1605
1102 1631
1103 1605
1104 1630
1105 1630
1106 1630
1107 1630
1108 1599
1109 1643
1110 1643
1111 1630
1112 1630
1113 1631
1114 1599
1115 1599
1116 1603
1117 1605
1118 1631
1119 1630
1120 1643
1121 1631
1122 1630
1123 1630
1124 1631
1125 1630
1126 1630
1127 1630
1128 1631
1129 1605
1130 1630
1131 1630
1132 1630
1133 1643
1134 1630
1135 1630
1136 1643
1137 2449
1138 1643
1139 2449
1140 2507
1141 2591
1142 2507
1143 2507
1144 1851
1145 2308
1146 1880
1147 2449
1148 2450
1149 1643
1150 2449
1151 2449
1152 2449
1153 2450
1154 2450
1155 2449
1156 2449
1157 2450
1158 2450
1159 2450
1160 2450
1161 2507
1162 2507
1163 2450
1164 2507
1165 2591
1166 2450
1167 2450
1168 2450
1169 1643
1170 1630
1171 1631
1172 1630
1173 1605
1174 1631
1175 2593
1176 2592
1177 2450
1178 2507
1179 2591
1180 2507
1181 2450
1182 2591
1183 2507
1184 2592
1185 2782
1186 2593
1187 2591
1188 1742
1189 1779
1190 1746
1191 1746
1192 1773
1193 1760
1194 1746
1195 1743
1196 1773
1197 1760
1198 1763
1199 1760
1200 1747
1201 1743
1202 1763
1203 1763
1204 1879
1205 1773
1206 1776
1207 1763
1208 1773
1209 1773
1210 1776
1211 1913
1212 1760
1213 1743
1214 1763
1215 1844
1216 1844
1217 1844
1218 1782
1219 1746
1220 1879
1221 2594
1222 2787
1223 2782
1224 2590
1225 2590
1226 2787
1227 1844
1228 2788
1229 2596
1230 2594
1231 1913
1232 1776
1233 1844
1234 2788
1235 2534
1236 2593
1237 2534
1238 2596
1239 2593
1240 2593
1241 2596
1242 2787
1243 2595
1244 2595
1245 1844
1246 2788
1247 2788
1248 2787
1249 1776
1250 1782
1251 1844
1252 2788
1253 2534
1254 2593
1255 2595
1256 2596
1257 2534
1258 2591
1259 2591
1260 2788
1261 2595
1262 2787
1263 2788
1264 2788
1265 2594
1266 2787
1267 2788
1268 2596
1269 2788
1270 2595
1271 2782
1272 2782
1273 2782
1274 2782
1275 2591
1276 2507
1277 2592
1278 1845
1279 2590
1280 2595
1281 1779
1282 1887
1283 2595
1284 2534
1285 2787
1286 2590
1287 1844
1288 2788
1289 2590
1290 2787
1291 2787
1292 2787
1293 2595
1294 2595
1295 1844
1296 2590
1297 1845
1298 2788
1299 2787
1300 2787
1301 1845
1302 2449
1303 2450
1304 2450
1305 2449
1306 2450
1307 2449
1308 2450
1309 2449
1310 2449
1311 2449
1312 2450
1313 2450
1314 2449
1315 2449
1316 2450
1317 2450
1318 2449
1319 2449
1320 2450
1321 2450
1322 2449
1323 2450
1324 2450
1325 2449
1326 2449
1327 2449
1328 2450
1329 2450
1330 2449
1331 2450
1332 2593
1333 2507
1334 2507
1335 2593
1336 2593
1337 2507
1338 2507
1339 2593
1340 2534
1341 2594
1342 2788
1343 2788
1344 2594
1345 2596
1346 2596
1347 2788
1348 2788
1349 2594
1350 2782
1351 2782
1352 2591
1353 2508
1354 2507
1355 2782
1356 2782
1357 2591
1358 2596
1359 2596
1360 2534
1361 2534
1362 2534
1363 2596
1364 2595
1365 2534
1366 2592
1367 2592
1368 2507
1369 2507
1370 2507
1371 2592
1372 2594
1373 2788
1374 2788
1375 2595
1376 2593
1377 2507
1378 2591
1379 2782
1380 2593
1381 2591
1382 2782
1383 2594
1384 2534
1385 2787
1386 2595
1387 2534
1388 2594
1389 2788
1390 2534
1391 2592
1392 2507
1393 2596
1394 2787
1395 1630
1396 1707
1397 1701
1398 1630
1399 1630
1400 1630
1401 1701
1402 1701
1403 1701
1404 1707
1405 1630
1406 1631
1407 1599
1408 1599
1409 1643
1410 1630
1411 1630
1412 1599
1413 1643
1414 1643
1415 1599
1416 1630
1417 1631
1418 1630
1419 1631
1420 1630
1421 1630
1422 1630
1423 1631
1424 1631
1425 1631
1426 1631
1427 1643
1428 2449
1429 2449
1430 1643
1431 1643
1432 2449
1433 2449
1434 1643
1435 1643
1436 1599
1437 1643
1438 1599
1439 1630
1440 1630
1441 1643
1442 1643
1443 1643
1444 1643
1445 1643
1446 1643
1447 1643
1448 1643
1449 1701
1450 1701
1451 1643
1452 1643
1453 1643
1454 1643
1455 2449
1456 1643
1457 1643
1458 1630
1459 1630
1460 1630
1461 1599
1462 1630
1463 1630
1464 1630
1465 1599
1466 1630
1467 1630
1468 1701
1469 1707
1470 1630
1471 1630
1472 1630
1473 1707
1474 1643
1475 1701
1476 1599
1477 1643
1478 1599
1479 1630
1480 1630
1481 1630
1482 1630
1483 1630
1484 1630
1485 1630
1486 1630
1487 1643
1488 1643
1489 1707
1490 1630
1491 1630
1492 1630
1493 1630
1494 1643
1495 1643
1496 1701
1497 1643
1498 1643
1499 1599
1500 1599
1501 1701
1502 1631
1503 1631
1504 1631
1505 1630
1506 1631
1507 1630
1508 1631
1509 1631
1510 1630
1511 1631
1512 1599
1513 1643
1514 1631
1515 1643
1516 1643
1517 2449
1518 2449
1519 1630
1520 1631
1521 1630
1522 1630
1523 1631
1524 1631
1525 1643
1526 1643
1527 1643
1528 1630
1529 2449
1530 1631
1531 1631
1532 1631
1533 1631
1534 1631
1535 1631
1536 1630
1537 1631
1538 1631
1539 1631
1540 1631
1541 1631
1542 1631
1543 1631
1544 1631
1545 1631
1546 1631
1547 1631
1548 1631
1549 1631
1550 1631
1551 1631
1552 1631
1553 1631
1554 1631
1555 1631
1556 1631
1557 1631
1558 1631
1559 1631
1560 1631
1561 1631
1562 1631
1563 1631
1564 1631
1565 1631
1566 1631
1567 1631
1568 1631
1569 1631
1570 1631
1571 1631
1572 1631
1573 1631
1574 1631
1575 1631
1576 1631
1577 1631
1578 1631
1579 1631
1580 1631
1581 1631
1582 1631
1583 1631
1584 1631
1585 1631
1586 1631
1587 1631
1588 1631
1589 1631
1590 1631
1591 1631
1592 1631
1593 1631
1594 1631
1595 1631
1596 1631
1597 1631
1598 1631
1599 1631
1600 1631
1601 1631
1602 1631
1603 1631
1604 1631
1605 1631
1606 1631
1607 1631
1608 1631
1609 1631
1610 1631
1611 1631
1612 1631
1613 1631
1614 1631
1615 1631
1616 1631
1617 1631
1618 1631
1619 1631
1620 1631
1621 1631
1622 1631
1623 1631
1624 1631
1625 1631
1626 1631
1627 1631
1628 1631
1629 1631
1630 1631
1631 1631
1632 1631
1633 1631
1634 1631
1635 1631
1636 1631
1637 1631
1638 1631
1639 1631
1640 1631
1641 1631
1642 1631
1643 1631
1644 1631
1645 1631
1646 1631
1647 1631
1648 1631
1649 1631
1650 1631
1651 1631
1652 1631
1653 1631
1654 1631
1655 1631
1656 1631
1657 1631
1658 1631
1659 1631
1660 1631
1661 1631
1662 1631
1663 1631
1664 1631
1665 1631
1666 1631
1667 1631
1668 1631
1669 1631
1670 1631
1671 1631
1672 1631
1673 1631
1674 1631
1675 1631
1676 1631
1677 1631
1678 1631
1679 1631
1680 1631
1681 1631
1682 1631
1683 1631
1684 1631
1685 1631
1686 1631
1687 1631
1688 1631
1689 1631
1690 1631
1691 1631
1692 1631
1693 1631
1694 1631
1695 1631
1696 1631
1697 1631
1698 1631
1699 1631
1700 1631
1701 1631
1702 1631
1703 1631
1704 1631
1705 1631
1706 1631
1707 1631
1708 1631
1709 1631
1710 1631
1711 1631
1712 1631
1713 1631
1714 1631
1715 1631
1716 1631
1717 1631
1718 1631
1719 1631
1720 1631
1721 1631
1722 1631
1723 1631
1724 1631
1725 1631
1726 1631
1727 1631
1728 1631
1729 1631
1730 1631
1731 1631
1732 1631
1733 1631
1734 1631
1735 1631
1736 1631
1737 1631
1738 1631
1739 1631
1740 1631
1741 1631
1742 1631
1743 1631
1744 1631
1745 1631
1746 1631
1747 1631
1748 1631
1749 1631
1750 1631
1751 1631
1752 1631
1753 1631
1754 1631
1755 1631
1756 1631
1757 1631
1758 1631
1759 1631
1760 1631
1761 1631
1762 1631
1763 1631
1764 1631
1765 1631
1766 1631
1767 1631
1768 1631
1769 1631
1770 1631
1771 1631
1772 1631
1773 1631
1774 1631
1775 1631
1776 1631
1777 1631
1778 1631
1779 1631
1780 1631
1781 1631
1782 1631
1783 1631
1784 1631
1785 1631
1786 1631
1787 1631
1788 1631
1789 1631
1790 1631
1791 1631
1792 1631
1793 1631
1794 1631
1795 1631
1796 1631
1797 1631
1798 1631
1799 1631
1800 1631
1801 1631
1802 1631
1803 1631
1804 1631
1805 1631
1806 1631
1807 1631
1808 1631
1809 1631
1810 1631
1811 1631
1812 1631
1813 1631
1814 1631
1815 1631
1816 1631
1817 1631
1818 1631
1819 1631
1820 1605
1821 1631
1822 1631
1823 1631
1824 1631
1825 1631
1826 1631
1827 1631
1828 1631
1829 1631
1830 1631
1831 1631
1832 1631
1833 1631
1834 1631
1835 1631
1836 1631
1837 1631
1838 1631
1839 1631
1840 1631
1841 1631
1842 1631
1843 1631
1844 1631
1845 1631
1846 1631
1847 1631
1848 1631
1849 1631
1850 1631
1851 1631
1852 1631
1853 1631
1854 1631
1855 1631
1856 1631
1857 1631
1858 1631
1859 1631
1860 1631
1861 1631
1862 1631
1863 1631
1864 1631
1865 1631
1866 1631
1867 1631
1868 1631
1869 1631
1870 1631
1871 1631
1872 1631
1873 1631
1874 1631
1875 1631
1876 1631
1877 1631
1878 1631
1879 1631
1880 1631
1881 1631
1882 1631
1883 1631
1884 1631
1885 1631
1886 1631
1887 1631
1888 1631
1889 1631
1890 1631
1891 1631
1892 1631
1893 1631
1894 1631
1895 1631
1896 1631
1897 1631
1898 1631
1899 1631
1900 1631
1901 1631
1902 1631
1903 1631
1904 1631
1905 1631
1906 1631
1907 1631
1908 1631
1909 1631
1910 1631
1911 1631
1912 1631
1913 1631
1914 1631
1915 1631
1916 1631
1917 1631
1918 1631
1919 1631
1920 1631
1921 1631
1922 1631
1923 1631
1924 1631
1925 1631
1926 1631
1927 1631
1928 1631
1929 1631
1930 1631
1931 1631
1932 1631
1933 1631
1934 1631
1935 1631
1936 1631
1937 1631
1938 1631
1939 1631
1940 1631
1941 1631
1942 1631
1943 1631
1944 1631
1945 1631
1946 1631
1947 1631
1948 1631
1949 1631
1950 1631
1951 1631
1952 1631
1953 1631
1954 1631
1955 1631
1956 1631
1957 1631
1958 1631
1959 1631
1960 1631
1961 1631
1962 1631
1963 1631
1964 1631
1965 1631
1966 1631
1967 1631
1968 1631
1969 1631
1970 1631
1971 1605
1972 1605
1973 1631
1974 1605
1975 1605
1976 1631
1977 1631
1978 1631
1979 1631
1980 1631
1981 1631
1982 1631
1983 1631
1984 1631
1985 1631
1986 1631
1987 1631
1988 1631
1989 1631
1990 1631
1991 1631
1992 1631
1993 1631
1994 1631
1995 1631
1996 1631
1997 1605
1998 1605
1999 1605
2000 1631
2001 1631
2002 1631
2003 1631
2004 1631
2005 1631
2006 1631
2007 1631
2008 1631
2009 1631
2010 1631
2011 1631
2012 1631
2013 1631
2014 1631
2015 1631
2016 1631
2017 1631
2018 1631
2019 1631
2020 1631
2021 1631
2022 1631
2023 1631
2024 1631
2025 1631
2026 1631
2027 1631
2028 1631
2029 1631
2030 1631
2031 1631
2032 1631
2033 1631
2034 1631
2035 1631
2036 1631
2037 1631
2038 1631
2039 1631
2040 1631
2041 1631
2042 1631
2043 1631
2044 1631
2045 1631
2046 1631
2047 1631
2048 1631
2049 1631
2050 1631
2051 1631
2052 1631
2053 1631
2054 1631
2055 1631
2056 1631
2057 1631
2058 1631
2059 1631
2060 1631
2061 1631
2062 1631
2063 1631
2064 1631
2065 1631
2066 1631
2067 1631
2068 1631
2069 1631
2070 1631
2071 1631
2072 1631
2073 1631
2074 1631
2075 1631
2076 1631
2077 1631
2078 1631
2079 1631
2080 1631
2081 1631
2082 1631
2083 1631
2084 1631
2085 1631
2086 1631
2087 1631
2088 1631
2089 1631
2090 1631
2091 1631
2092 1631
2093 1631
2094 1631
2095 1631
2096 1631
2097 1631
2098 1631
2099 1631
2100 1631
2101 1631
2102 1631
2103 1631
2104 1631
2105 1631
2106 1631
2107 1631
2108 1631
2109 1631
2110 1631
2111 1631
2112 1631
2113 1631
2114 1631
2115 1631
2116 1631
2117 1631
2118 1631
2119 1631
2120 1631
2121 1631
2122 1631
2123 1631
2124 1631
2125 1631
2126 1631
2127 1631
2128 1631
2129 1631
2130 1631
2131 1631
2132 1631
2133 1631
2134 1631
2135 1631
2136 1631
2137 1631
2138 1631
2139 1631
2140 1631
2141 1631
2142 1631
2143 1631
2144 1631
2145 1631
2146 1631
2147 1631
2148 1631
2149 1631
2150 1631
2151 1631
2152 1631
2153 1631
2154 1631
2155 2450
2156 2449
2157 2507
2158 1643
2159 2449
2160 2450
2161 2450
2162 2507
2163 2591
2164 2507
2165 2449
2166 2450
2167 2507
2168 2591
2169 1779
2170 1760
2171 1776
2172 1887
2173 1776
2174 1773
2175 1887
2176 1844
2177 1844
2178 1844
2179 1763
2180 1743
2181 1844
2182 1844
2183 1763
2184 1887
2185 1844
2186 1887
2187 1763
2188 2590
2189 2788
2190 2788
2191 2590
2192 1913
2193 1760
2194 1773
2195 1743
2196 2594
2197 2782
2198 2787
2199 2591
2200 2534
2201 2787
2202 2596
2203 2788
2204 1844
2205 2590
2206 2593
2207 2782
2208 2595
2209 2788
2210 2782
2211 2592
2212 2591
2213 2593
2214 2594
2215 2782
2216 2591
2217 2591
2218 2534
2219 2534
2220 2595
2221 2595
2222 2788
2223 2590
2224 2590
2225 2534
2226 2595
2227 2787
2228 2591
2229 2782
2230 2507
2231 2591
2232 2593
2233 2534
2234 2534
2235 2787
2236 2596
2237 2594
2238 2787
2239 2787
2240 2596
2241 2534
2242 2787
2243 2534
2244 2593
2245 2593
2246 2594
2247 2788
2248 2592
2249 2593
2250 2507
2251 2507
2252 2591
2253 2590
2254 2788
2255 2594
2256 2788
2257 2590
2258 1913
2259 1887
2260 2534
2261 2592
2262 2594
2263 2590
2264 2788
2265 2788
2266 2787
2267 2595
2268 2596
2269 2594
2270 2594
2271 2534
2272 2534
2273 2787
2274 2788
2275 2788
2276 2595
2277 2594
2278 2594
2279 2788
2280 1643
2281 1643
2282 2449
2283 2449
2284 1643
2285 2450
2286 1643
2287 2450
2288 1643
2289 1643
2290 2449
2291 2449
2292 1643
2293 2449
2294 2449
2295 1643
2296 1643
2297 2449
2298 2449
2299 1643
2300 1643
2301 1643
2302 2449
2303 2449
2304 1643
2305 2449
2306 2449
2307 1643
2308 1643
2309 2449
2310 2534
2311 2591
2312 2507
2313 2507
2314 2591
2315 2592
2316 2507
2317 2591
2318 2782
2319 2782
2320 2534
2321 2594
2322 2596
2323 2782
2324 2593
2325 2596
2326 2782
2327 2592
2328 2507
2329 2591
2330 2593
2331 2450
2332 2534
2333 2591
2334 2507
2335 2507
2336 2591
2337 2591
2338 2450
2339 2507
2340 2591
2341 2782
2342 2593
2343 2595
2344 2596
2345 2782
2346 2782
2347 2595
2348 2782
2349 2592
2350 2592
2351 2507
2352 2507
2353 2592
2354 2507
2355 2782
2356 2534
2357 2593
2358 2593
2359 2593
2360 2534
2361 2782
2362 2593
2363 2591
2364 2591
2365 2450
2366 2450
2367 2591
2368 2450
2369 2596
2370 2782
2371 2596
2372 2534
2373 1631
2374 1630
2375 1630
2376 1631
2377 1630
2378 1599
2379 1599
2380 1630
2381 1630
2382 1631
2383 1631
2384 1631
2385 1599
2386 1630
2387 1630
2388 1599
2389 1630
2390 1630
2391 1630
2392 1630
2393 1599
2394 1631
2395 1631
2396 1631
2397 1631
2398 1605
2399 1631
2400 1631
2401 1605
2402 1605
2403 1631
2404 1605
2405 1597
2406 1643
2407 1643
2408 1643
2409 1643
2410 1643
2411 1643
2412 1597
2413 1599
2414 1630
2415 1630
2416 1599
2417 1630
2418 1631
2419 1599
2420 1597
2421 1643
2422 1599
2423 1599
2424 1597
2425 1643
2426 1597
2427 1599
2428 1599
2429 1597
2430 1643
2431 1643
2432 1597
2433 1597
2434 1643
2435 1599
2436 1631
2437 1631
2438 1631
2439 1630
2440 1631
2441 1631
2442 1631
2443 1630
2444 1630
2445 1631
2446 1630
2447 1630
2448 1631
2449 1631
2450 1631
2451 1630
2452 1630
2453 1599
2454 1630
2455 1631
2456 1631
2457 1630
2458 1599
2459 1631
2460 1631
2461 1631
2462 1631
2463 1631
2464 1631
2465 1599
2466 1597
2467 1630
2468 1631
2469 1631
2470 1631
2471 1631
2472 1599
2473 1630
2474 1599
2475 1597
2476 1643
2477 1630
2478 1599
2479 1630
2480 1605
2481 1605
2482 1605
2483 1631
2484 1605
2485 1631
2486 1631
2487 1631
2488 1631
2489 1631
2490 1630
2491 1599
2492 1631
2493 1643
2494 1643
2495 1643
2496 1643
2497 1631
2498 1631
2499 1631
2500 1630
2501 1605
2502 1605
2503 1597
2504 1643
2505 1643
2506 1631
2507 1643
2508 1605
2509 1605
2510 1605
2511 1605
2512 1631
2513 1631
2514 1631
2515 1631
2516 1605
2517 1605
2518 1631
2519 1631
2520 1605
2521 1605
2522 1605
2523 1605
2524 1605
2525 1605
2526 1605
2527 1605
2528 1605
2529 1605
2530 1605
2531 1605
2532 1605
2533 1605
2534 1605
2535 1631
2536 1631
2537 1631
2538 1605
2539 1631
2540 1605
2541 1605
2542 1605
2543 1605
2544 1605
2545 1605
2546 1605
2547 1605
2548 1605
2549 1605
2550 1605
2551 1605
2552 1605
2553 1605
2554 1605
2555 1605
2556 1605
2557 1605
2558 1605
2559 1605
2560 1605
2561 1605
2562 1605
2563 1605
2564 1605
2565 1605
2566 1605
2567 1605
2568 1605
2569 1605
2570 1605
2571 1605
2572 1605
2573 1605
2574 1605
2575 1605
2576 1605
2577 1605
2578 1605
2579 1605
2580 1605
2581 1605
2582 1605
2583 1605
2584 1605
2585 1605
2586 1605
2587 1605
2588 1605
2589 1605
2590 1605
2591 1605
2592 1605
2593 1605
2594 1605
2595 1605
2596 1605
2597 1605
2598 1605
2599 1605
2600 1605
2601 1605
2602 1605
2603 1605
2604 1605
2605 1605
2606 1605
2607 1605
2608 1605
2609 1605
2610 1605
2611 1605
2612 1605
2613 1605
2614 1605
2615 1605
2616 1605
2617 1605
2618 1605
2619 1605
2620 1605
2621 1605
2622 1605
2623 1605
2624 1605
2625 1605
2626 1605
2627 1605
2628 1605
2629 1605
2630 1605
2631 1605
2632 1605
2633 1605
2634 1605
2635 1605
2636 1605
2637 1605
2638 1605
2639 1605
2640 1605
2641 1605
2642 1605
2643 1605
2644 1605
2645 1605
2646 1605
2647 1605
2648 1605
2649 1605
2650 1605
2651 1605
2652 1605
2653 1605
2654 1605
2655 1605
2656 1605
2657 1605
2658 1605
2659 1605
2660 1605
2661 1605
2662 1605
2663 1605
2664 1605
2665 1605
2666 1605
2667 1605
2668 1605
2669 1605
2670 1605
2671 1605
2672 1605
2673 1605
2674 1605
2675 1605
2676 1605
2677 1605
2678 1605
2679 1605
2680 1605
2681 1605
2682 1605
2683 1605
2684 1605
2685 1605
2686 1605
2687 1605
2688 1605
2689 1605
2690 1605
2691 1605
2692 1605
2693 1605
2694 1605
2695 1605
2696 1605
2697 1605
2698 1605
2699 1605
2700 1605
2701 1605
2702 1605
2703 1605
2704 1605
2705 1605
2706 1605
2707 1605
2708 1605
2709 1605
2710 1605
2711 1605
2712 1605
2713 1605
2714 1605
2715 1605
2716 1605
2717 1605
2718 1605
2719 1605
2720 1605
2721 1605
2722 1605
2723 1605
2724 1605
2725 1605
2726 1605
2727 1605
2728 1605
2729 1605
2730 1605
2731 1605
2732 1605
2733 1605
2734 1605
2735 1605
2736 1605
2737 1605
2738 1605
2739 1605
2740 1605
2741 1605
2742 1605
2743 1605
2744 1605
2745 1605
2746 1605
2747 1605
2748 1605
2749 1605
2750 1605
2751 1605
2752 1605
2753 1605
2754 1605
2755 1605
2756 1605
2757 1605
2758 1605
2759 1605
2760 1605
2761 1605
2762 1605
2763 1605
2764 1605
2765 1605
2766 1605
2767 1605
2768 1605
2769 1605
2770 1605
2771 1605
2772 1605
2773 1605
2774 1605
2775 1605
2776 1605
2777 1605
2778 1605
2779 1605
2780 1605
2781 1605
2782 1605
2783 1605
2784 1605
2785 1605
2786 1605
2787 1605
2788 1605
2789 1605
2790 1605
2791 1605
2792 1605
2793 1605
2794 1605
2795 1605
2796 1605
2797 1605
2798 1605
2799 1605
2800 1605
2801 1605
2802 1605
2803 1605
2804 1605
2805 1605
2806 1605
2807 1605
2808 1605
2809 1605
2810 1605
2811 1605
2812 1605
2813 1605
2814 1605
2815 1605
2816 1605
2817 1605
2818 1605
2819 1605
2820 1605
2821 1605
2822 1605
2823 1605
2824 1605
2825 1605
2826 1605
2827 1605
2828 1605
2829 1605
2830 1605
2831 1605
2832 1605
2833 1605
2834 1605
2835 1605
2836 1605
2837 1605
2838 1605
2839 1605
2840 1605
2841 1605
2842 1605
2843 1605
2844 1605
2845 1605
2846 1605
2847 1605
2848 1605
2849 1605
2850 1605
2851 1605
2852 1605
2853 1605
2854 1605
2855 1605
2856 1605
2857 1605
2858 1605
2859 1605
2860 1605
2861 1605
2862 1605
2863 1605
2864 1605
2865 1605
2866 1605
2867 1605
2868 1605
2869 1605
2870 1605
2871 1605
2872 1605
2873 1605
2874 1605
2875 1605
2876 1605
2877 1605
2878 1605
2879 1605
2880 1605
2881 1605
2882 1605
2883 1605
2884 1605
2885 1605
2886 1605
2887 1605
2888 1605
2889 1605
2890 1605
2891 1605
2892 1605
2893 1605
2894 1605
2895 1605
2896 1605
2897 1605
2898 1605
2899 1605
2900 1605
2901 1605
2902 1605
2903 1605
2904 1605
2905 1605
2906 1605
2907 1605
2908 1605
2909 1605
2910 1605
2911 1605
2912 1605
2913 1605
2914 1605
2915 1605
2916 1605
2917 1605
2918 1605
2919 1605
2920 1605
2921 1605
2922 1605
2923 1605
2924 1605
2925 1605
2926 1605
2927 1605
2928 1605
2929 1605
2930 1605
2931 1605
2932 1605
2933 1605
2934 1605
2935 1605
2936 1605
2937 1605
2938 1605
2939 1605
2940 1605
2941 1605
2942 1605
2943 1605
2944 1605
2945 1605
2946 1605
2947 1605
2948 1605
2949 1605
2950 1605
2951 1605
2952 1605
2953 1605
2954 1605
2955 1605
2956 1605
2957 1605
2958 1605
2959 1605
2960 1605
2961 1605
2962 1605
2963 1605
2964 1605
2965 1605
2966 1605
2967 1605
2968 1605
2969 1605
2970 1605
2971 1605
2972 1605
2973 1605
2974 1605
2975 1605
2976 1605
2977 1605
2978 1605
2979 1605
2980 1605
2981 1605
2982 1605
2983 1605
2984 1605
2985 1605
2986 1605
2987 1605
2988 1605
2989 1605
2990 1605
2991 1605
2992 1605
2993 1605
2994 1605
2995 1605
2996 1605
2997 1605
2998 1605
2999 1605
3000 1605
3001 1605
3002 1605
3003 1605
3004 1605
3005 1605
3006 1605
3007 1605
3008 1605
3009 1605
3010 1605
3011 1605
3012 1605
3013 1605
3014 1605
3015 1605
3016 1605
3017 1605
3018 1605
3019 1605
3020 1605
3021 1605
3022 1605
3023 1605
3024 1605
3025 1605
3026 1605
3027 1605
3028 1605
3029 1605
3030 1605
3031 1605
3032 1605
3033 1605
3034 1605
3035 1605
3036 1605
3037 1605
3038 1605
3039 1605
3040 1605
3041 1605
3042 1605
3043 1605
3044 1605
3045 1605
3046 1605
3047 1605
3048 1605
3049 1605
3050 1605
3051 1605
3052 1605
3053 1605
3054 1605
3055 1605
3056 1605
3057 1605
3058 1605
3059 1605
3060 1605
3061 1605
3062 1605
3063 1605
3064 1605
3065 1605
3066 1605
3067 1605
3068 1605
3069 1605
3070 1605
3071 1605
3072 1605
3073 1605
3074 1605
3075 1605
3076 1605
3077 1605
3078 1605
3079 1605
3080 1605
3081 1605
3082 1605
3083 1605
3084 1605
3085 1605
3086 1605
3087 1605
3088 1605
3089 1605
3090 1605
3091 1605
3092 1605
3093 1605
3094 1605
3095 1605
3096 1605
3097 1605
3098 1605
3099 1605
3100 1605
3101 1605
3102 1605
3103 1605
3104 1605
3105 1605
3106 1605
3107 1605
3108 1605
3109 1605
3110 1605
3111 1605
3112 1605
3113 1605
3114 1605
3115 1605
3116 1605
3117 1605
3118 1605
3119 1605
3120 1605
3121 1605
3122 1605
3123 1605
3124 1605
3125 1605
3126 1605
3127 1605
3128 1605
3129 1605
3130 1605
3131 1605
3132 1605
3133 2581
3134 2581
3135 2566
3136 2566
3137 2581
3138 2812
3139 2809
3140 2809
3141 2566
3142 2581
3143 2581
3144 2812
3145 2812
3146 2810
3147 2809
3148 4877
3149 4872
3150 4872
3151 4877
3152 4843
3153 4843
3154 4872
3155 4877
3156 4888
3157 4872
3158 4843
3159 2579
3160 2579
3161 4843
3162 4872
3163 2162
3164 2162
3165 2579
3166 2580
3167 4872
3168 4877
3169 4877
3170 4872
3171 2580
3172 2447
3173 4872
3174 4843
3175 2580
3176 2580
3177 4843
3178 4872
3179 4889
3180 2580
3181 2579
3182 4872
3183 2830
3184 2810
3185 2830
3186 4872
3187 4872
3188 2830
3189 2830
3190 2162
3191 2830
3192 2579
3193 2579
3194 2579
3195 2447
3196 2580
3197 4870
3198 4877
3199 4877
3200 4870
3201 4870
3202 4877
3203 4872
3204 4887
3205 4877
3206 4870
3207 4872
3208 4872
3209 4872
3210 4843
3211 4872
3212 4877
3213 4872
3214 4843
3215 2829
3216 2829
3217 4877
3218 4877
3219 4887
3220 4870
3221 4870
3222 4877
3223 4870
3224 4879
3225 4877
3226 4872
3227 4870
3228 4886
3229 4868
3230 4870
3231 2447
3232 2829
3233 2829
3234 2829
3235 2829
3236 4872
3237 2829
3238 4872
3239 4887
3240 2829
3241 2447
3242 4843
3243 2580
3244 4872
3245 2830
3246 4872
3247 4872
3248 2810
3249 2829
3250 2829
3251 4870
3252 4870
3253 4877
3254 4877
3255 4870
3256 4870
3257 4877
3258 4870
3259 4877
3260 4877
3261 4872
3262 4870
3263 4868
3264 4870
3265 4877
3266 4872
3267 4877
3268 4877
3269 2810
3270 4877
3271 4872
3272 2810
3273 2809
3274 4877
3275 4870
3276 2809
3277 2812
3278 2581
3279 2810
3280 4872
3281 4877
3282 4887
3283 4872
3284 4868
3285 4870
3286 2829
3287 2829
3288 2812
3289 2581
3290 2809
3291 2812
3292 2581
3293 2812
3294 2566
3295 2809
3296 2810
3297 2809
3298 4877
3299 4877
3300 4872
3301 4872
3302 4877
3303 4872
3304 4843
3305 4843
3306 4872
3307 4889
3308 4843
3309 2580
3310 2579
3311 4843
3312 2580
3313 2579
3314 2579
3315 2579
3316 4872
3317 4872
3318 4877
3319 4872
3320 4877
3321 4872
3322 4872
3323 2829
3324 2447
3325 4886
3326 4872
3327 4843
3328 2447
3329 2580
3330 2580
3331 2580
3332 2162
3333 4872
3334 4887
3335 2830
3336 2830
3337 2830
3338 4872
3339 2579
3340 2830
3341 2162
3342 2579
3343 4877
3344 4870
3345 4872
3346 4877
3347 4870
3348 4843
3349 4872
3350 4872
3351 4843
3352 4843
3353 4872
3354 4877
3355 4872
3356 2829
3357 2829
3358 4877
3359 4889
3360 4870
3361 4870
3362 4877
3363 4870
3364 4870
3365 4870
3366 4877
3367 4872
3368 4877
3369 4864
3370 4870
3371 2829
3372 2829
3373 2829
3374 2829
3375 2447
3376 2829
3377 2447
3378 2829
3379 2580
3380 4843
3381 2580
3382 2830
3383 4872
3384 2830
3385 4872
3386 4872
3387 4870
3388 4877
3389 4870
3390 4877
3391 4877
3392 4870
3393 4877
3394 4888
3395 4877
3396 4870
3397 4872
3398 4877
3399 4877
3400 2579
3401 4917
3402 4917
3403 4957
3404 4917
3405 4917
3406 4917
3407 4906
3408 4906
3409 4957
3410 4917
3411 4917
3412 4917
3413 4917
3414 4917
3415 4917
3416 4917
3417 4934
3418 4988
3419 4934
3420 4934
3421 4988
3422 4988
3423 4988
3424 4988
3425 4934
3426 4934
3427 4934
3428 4988
3429 4988
3430 4988
3431 4988
3432 4934
3433 4988
3434 4988
3435 4988
3436 4988
3437 4988
3438 4988
3439 4988
3440 4988
3441 4974
3442 4988
3443 4988
3444 4988
3445 4969
3446 4988
3447 4988
3448 4988
3449 4962
3450 4988
3451 4988
3452 4988
3453 4936
3454 4988
3455 4988
3456 4988
3457 4936
3458 4934
3459 4934
3460 4921
3461 4918
3462 4988
3463 4934
3464 4918
3465 4918
3466 4987
3467 4907
3468 4907
3469 4918
3470 4934
3471 4907
3472 4907
3473 4906
3474 4906
3475 4945
3476 4934
3477 4934
3478 4934
3479 4934
3480 4934
3481 4934
3482 4934
3483 4934
3484 4934
3485 4934
3486 4934
3487 4917
3488 4917
3489 4917
3490 4917
3491 4917
3492 4957
3493 4957
3494 4917
3495 4957
3496 4957
3497 4957
3498 4957
3499 4957
3500 4917
3501 4957
3502 4906
3503 4906
3504 4906
3505 4906
3506 4906
3507 4957
3508 4957
3509 4957
3510 4906
3511 4906
3512 4906
3513 4957
3514 4957
3515 4957
3516 4914
3517 4962
3518 4914
3519 4990
3520 4962
3521 4936
3522 4936
3523 4936
3524 4990
3525 4988
3526 4988
3527 4990
3528 4962
3529 4988
3530 4988
3531 4988
3532 4914
3533 4988
3534 4934
3535 4934
3536 4974
3537 4988
3538 4934
3539 4934
3540 4988
3541 4934
3542 4934
3543 4934
3544 4990
3545 4990
3546 4988
3547 4934
3548 4914
3549 4936
3550 4936
3551 4936
3552 4936
3553 4936
3554 4936
3555 4936
3556 4892
3557 4936
3558 4955
3559 4962
3560 4936
3561 4936
3562 4936
3563 4896
3564 4936
3565 4936
3566 4936
3567 4936
3568 4896
3569 4896
3570 4936
3571 4936
3572 4936
3573 4934
3574 4934
3575 4934
3576 4934
3577 4945
3578 4934
3579 4934
3580 4934
3581 4945
3582 4934
3583 4934
3584 4934
3585 4945
3586 4934
3587 4934
3588 4934
3589 4945
3590 4934
3591 4869
3592 4895
3593 4896
3594 4895
3595 4869
3596 4893
3597 4895
3598 4896
3599 4896
3600 4896
3601 4890
3602 4880
3603 4896
3604 4896
3605 4896
3606 4896
3607 4892
3608 4892
3609 4896
3610 4896
3611 4892
3612 4892
3613 4892
3614 4892
3615 4892
3616 4892
3617 4892
3618 4892
3619 4870
3620 4870
3621 4870
3622 4870
3623 4868
3624 4883
3625 4870
3626 4870
3627 4870
3628 4870
3629 4881
3630 4881
3631 4893
3632 4893
3633 4871
3634 4871
3635 4881
3636 4893
3637 4896
3638 4896
3639 4893
3640 4881
3641 4881
3642 4871
3643 4871
3644 4871
3645 4893
3646 4869
3647 4871
3648 4868
3649 4868
3650 4868
3651 4871
3652 4869
3653 4893
3654 4895
3655 4896
3656 4895
3657 4871
3658 4869
3659 4896
3660 4896
3661 4896
3662 4896
3663 4896
3664 4896
3665 4896
3666 4896
3667 4896
3668 4881
3669 4871
3670 4871
3671 4871
3672 4881
3673 4871
3674 4868
3675 4868
3676 4871
3677 4871
3678 4895
3679 4896
3680 4896
3681 4892
3682 4892
3683 4896
3684 4895
3685 4896
3686 4936
3687 4936
3688 4896
3689 4868
3690 4868
3691 4868
3692 4868
3693 4868
3694 4868
3695 4868
3696 4871
3697 4871
3698 4871
3699 4868
3700 4882
3701 4870
3702 4878
3703 4871
3704 4868
3705 4868
3706 4871
3707 4868
3708 4870
3709 4868
3710 4868
3711 4871
3712 4871
3713 4871
3714 4871
3715 4880
3716 4871
3717 4871
3718 4868
3719 4869
3720 4896
3721 4896
3722 4880
3723 4877
3724 4870
3725 4870
3726 4877
3727 4870
3728 4879
3729 4870
3730 4877
3731 4870
3732 4870
3733 4870
3734 4892
3735 4869
3736 4871
3737 4896
3738 4936
3739 4896
3740 4871
3741 4868
3742 4868
3743 4871
3744 4936
3745 4936
3746 4936
3747 4936
3748 4936
3749 4936
3750 4990
3751 4936
3752 4896
3753 4892
3754 4936
3755 4936
3756 4936
3757 4892
3758 4892
3759 4936
3760 4871
3761 4871
3762 4871
3763 4871
3764 4871
3765 4871
3766 4881
3767 4871
3768 4880
3769 4880
3770 4895
3771 4896
3772 4892
3773 4896
3774 4936
3775 4892
3776 4871
3777 4871
3778 4868
3779 4868
3780 4871
3781 4871
3782 4871
3783 4868
3784 4868
3785 4868
3786 4871
3787 4868
3788 4868
3789 4881
3790 4881
3791 4896
3792 4896
3793 4896
3794 4896
3795 4896
3796 4880
3797 4896
3798 4896
3799 4896
3800 4878
3801 4871
3802 4868
3803 4896
3804 4896
3805 4896
3806 4896
3807 4869
3808 4881
3809 4895
3810 4893
3811 4880
3812 4871
3813 4871
3814 4896
3815 4892
3816 4892
3817 4896
3818 4896
3819 4896
3820 4892
3821 4896
3822 4871
3823 4936
3824 4892
3825 4892
3826 4936
3827 4892
3828 4892
3829 4871
3830 4871
3831 4871
3832 4871
3833 4868
3834 4868
3835 4871
3836 4871
3837 4896
3838 4896
3839 4896
3840 4896
3841 4896
3842 4896
3843 4896
3844 4896
3845 4896
3846 4896
3847 4896
3848 4896
3849 4896
3850 4896
3851 4896
3852 4896
3853 4896
3854 4896
3855 4896
3856 4890
3857 4880
3858 4890
3859 4869
3860 4881
3861 4871
3862 4896
3863 4896
3864 4892
3865 4892
3866 4871
3867 4871
3868 4881
3869 4871
3870 4871
3871 4871
3872 4871
3873 4871
3874 4871
3875 4871
3876 4871
3877 4868
3878 4868
3879 4936
3880 4892
3881 4892
3882 4936
3883 4936
3884 4896
3885 4896
3886 4896
3887 4896
3888 4892
3889 4896
3890 4893
3891 4936
3892 4895
3893 4896
3894 4936
3895 4962
3896 4936
3897 4969
3898 4988
3899 4914
3900 4936
3901 4936
3902 4936
3903 4871
3904 4871
3905 4895
3906 4880
3907 4871
3908 4870
3909 4868
3910 4879
3911 4962
3912 4969
3913 4988
3914 4907
3915 4907
3916 4946
3917 4946
3918 4918
3919 4918
3920 4907
3921 4906
3922 4906
3923 4906
3924 4946
3925 4907
3926 4934
3927 4934
3928 4945
3929 4987
3930 4988
3931 4934
3932 4934
3933 4934
3934 4921
3935 4918
3936 4921
3937 4945
3938 4936
3939 4962
3940 4914
3941 4936
3942 4988
3943 4988
3944 4914
3945 4936
3946 4988
3947 4969
3948 4988
3949 4969
3950 4969
3951 4988
3952 4988
3953 4892
3954 4896
3955 4881
3956 4871
3957 4962
3958 4936
3959 4936
3960 4936
3961 4936
3962 4936
3963 4936
3964 4936
3965 4987
3966 4991
3967 4918
3968 4987
3969 4934
3970 4987
3971 4918
3972 4907
3973 4988
3974 4918
3975 4921
3976 4906
3977 4907
3978 4918
3979 4934
3980 4934
3981 4934
3982 4934
3983 4918
3984 4918
3985 4934
3986 4988
3987 4988
3988 4918
3989 4907
3990 4907
3991 4906
3992 4907
3993 4907
3994 4987
3995 4918
3996 4946
3997 4946
3998 4934
3999 4907
4000 4914
4001 4988
4002 4988
4003 4988
4004 4906
4005 4906
4006 4987
4007 4991
4008 4987
4009 4987
4010 4987
4011 4991
4012 4969
4013 4914
4014 4934
4015 4988
4016 4988
4017 4990
4018 4988
4019 4974
4020 4914
4021 4969
4022 4990
4023 4990
4024 4974
4025 4914
4026 4988
4027 4987
4028 4988
4029 4990
4030 4988
4031 4988
4032 4988
4033 4934
4034 4934
4035 4934
4036 4934
4037 4991
4038 4987
4039 4934
4040 4934
4041 4988
4042 4988
4043 4934
4044 4988
4045 4988
4046 4988
4047 4988
4048 4988
4049 4988
4050 4988
4051 4988
4052 4934
4053 4904
4054 4991
4055 4988
4056 4988
4057 4904
4058 4991
4059 4945
4060 4988
4061 4988
4062 4988
4063 4934
4064 4917
4065 4957
4066 4957
4067 4957
4068 4906
4069 4906
4070 4917
4071 4957
4072 4917
4073 4917
4074 4917
4075 4896
4076 4969
4077 4946
4078 4906
4079 4906
4080 4880
4081 4871
4082 4936
4083 4896
4084 4936
4085 4880
4086 4869
4087 4895
4088 4893
4089 4896
4090 4896
4091 4881
4092 4871
4093 4871
4094 4861
4095 4869
4096 4869
4097 4892
4098 4896
4099 4896
4100 4896
4101 4896
4102 4896
4103 4896
4104 4896
4105 4896
4106 4896
4107 4896
4108 4895
4109 4895
4110 4892
4111 4892
4112 4871
4113 4892
4114 4868
4115 4893
4116 4892
4117 4871
4118 4895
4119 4871
4120 4896
4121 4868
4122 4936
4123 4936
4124 4891
4125 4895
4126 4896
4127 4896
4128 4896
4129 4896
4130 4892
4131 4869
4132 4871
4133 4869
4134 4895
4135 4895
4136 4896
4137 4896
4138 4896
4139 4892
4140 4896
4141 4896
4142 4896
4143 4896
4144 4895
4145 4896
4146 4896
4147 4892
4148 4896
4149 4896
4150 4892
4151 4896
4152 4896
4153 4896
4154 4896
4155 4895
4156 4896
4157 4896
4158 4896
4159 4896
4160 4896
4161 4892
4162 4896
4163 4896
4164 4896
4165 4896
4166 4895
4167 4890
4168 4896
4169 4896
4170 4896
4171 4896
4172 4890
4173 4896
4174 4896
4175 4988
4176 4988
4177 4988
4178 4988
4179 4988
4180 4988
4181 4934
4182 4988
4183 4990
4184 4974
4185 4988
4186 4988
4187 4990
4188 4988
4189 4988
4190 4974
4191 4974
4192 4988
4193 4988
4194 4988
4195 4934
4196 4934
4197 4988
4198 4988
4199 4988
4200 4988
4201 4988
4202 4988
4203 4988
4204 4934
4205 4934
4206 4934
4207 4934
4208 4934
4209 4934
4210 4904
4211 4934
4212 4991
4213 4991
4214 4987
4215 4991
4216 4991
4217 4945
4218 4945
4219 4934
4220 4934
4221 4934
4222 4877
4223 4870
4224 4870
4225 4877
4226 4868
4227 4870
4228 4870
4229 4868
4230 4868
4231 4868
4232 4871
4233 4869
4234 4871
4235 4895
4236 4879
4237 4870
4238 4868
4239 4868
4240 4870
4241 4870
4242 4879
4243 4868
4244 4870
4245 4870
4246 4870
4247 4870
4248 4957
4249 4957
4250 4957
4251 4957
4252 4906
4253 4906
4254 4957
4255 4957
4256 4906
4257 4906
4258 4906
4259 4957
4260 4906
4261 4906
4262 4906
4263 4906
4264 4906
4265 4906
4266 4906
4267 4906
4268 4957
4269 4957
4270 4957
4271 4957
4272 4957
4273 4906
4274 4906
4275 4906
4276 4906
4277 4906
4278 4946
4279 4946
4280 4906
4281 4957
4282 4906
4283 4907
4284 4946
4285 4907
4286 4907
4287 4957
4288 4907
4289 4907
4290 4907
4291 4946
4292 4907
4293 4907
4294 4907
4295 4907
4296 4907
4297 4907
4298 4946
4299 4946
4300 4906
4301 4946
4302 4957
4303 4906
4304 4946
4305 4907
4306 4946
4307 4946
4308 4988
4309 4988
4310 4918
4311 4988
4312 4988
4313 4945
4314 4921
4315 4988
4316 4918
4317 4934
4318 4988
4319 4988
4320 4918
4321 4907
4322 4918
4323 4918
4324 4918
4325 4918
4326 4945
4327 4918
4328 4918
4329 4907
4330 4907
4331 4907
4332 4918
4333 4934
4334 4946
4335 4906
4336 4906
4337 4906
4338 4907
4339 4917
4340 4917
4341 4906
4342 4934
4343 4934
4344 4934
4345 4934
4346 4934
4347 4934
4348 4934
4349 4934
4350 4934
4351 4934
4352 4988
4353 4946
4354 4906
4355 4957
4356 4957
4357 4917
4358 4917
4359 4906
4360 4957
4361 4917
4362 4957
4363 4917
4364 4917
4365 4917
4366 4917
4367 4917
4368 4917
4369 4918
4370 4918
4371 4907
4372 4918
4373 4918
4374 4918
4375 4934
4376 4934
4377 4934
4378 4988
4379 4934
4380 4934
4381 4988
4382 4988
4383 4988
4384 4934
4385 4934
4386 4988
4387 4988
4388 4934
4389 4988
4390 4987
4391 4987
4392 4988
4393 4987
4394 4934
4395 4934
4396 4934
4397 4934
4398 4934
4399 4934
4400 4934
4401 4934
4402 4934
4403 4934
4404 4934
4405 4921
4406 4945
4407 4991
4408 4918
4409 4987
4410 4934
4411 4945
4412 4945
4413 4945
4414 4921
4415 4918
4416 4987
4417 4934
4418 4934
4419 4945
4420 4934
4421 4934
4422 4934
4423 4934
4424 4934
4425 4934
4426 4934
4427 4934
4428 4934
4429 4934
4430 4934
4431 4934
4432 4934
4433 4934
4434 4934
4435 4934
4436 4934
4437 4934
4438 4934
4439 4945
4440 4934
4441 4934
4442 4934
4443 4934
4444 4934
4445 4934
4446 4934
4447 4907
4448 4907
4449 4907
4450 4946
4451 4918
4452 4907
4453 4918
4454 4918
4455 4918
4456 4918
4457 4918
4458 4907
4459 4946
4460 4907
4461 4934
4462 4934
4463 4946
4464 4906
4465 4957
4466 4957
4467 4918
4468 4918
4469 4918
4470 4934
4471 4934
4472 4934
4473 4934
4474 4987
4475 4987
4476 4987
4477 4934
4478 4934
4479 4934
4480 4934
4481 4934
4482 4934
4483 4934
4484 4934
4485 4934
4486 4987
4487 4934
4488 4934
4489 4987
4490 4934
4491 4945
4492 4934
4493 4934
4494 4934
4495 4934
4496 4934
4497 4934
4498 4934
4499 4934
4500 4934
4501 4934
4502 4934
4503 4934
4504 4917
4505 4917
4506 4988
4507 4988
4508 4988
4509 4988
4510 4988
4511 4988
4512 4988
4513 4988
4514 4969
4515 4988
4516 4914
4517 4962
4518 4936
4519 4936
4520 4934
4521 4988
4522 4918
4523 4907
4524 4906
4525 4990
4526 4914
4527 4962
4528 4914
4529 4988
4530 4990
4531 4936
4532 4936
4533 4936
4534 4962
4535 4990
4536 4988
4537 4988
4538 4988
4539 4988
4540 4962
4541 4934
4542 4934
4543 4988
4544 4914
4545 4934
4546 4974
4547 4936
4548 4936
4549 4936
4550 4969
4551 4936
4552 4936
4553 4936
4554 4892
4555 4936
4556 4936
4557 4962
4558 4955
4559 4896
4560 4936
4561 4936
4562 4936
4563 4936
4564 4936
4565 4896
4566 4892
4567 4936
4568 4936
4569 4936
4570 4936
4571 4934
4572 4934
4573 4934
4574 4934
4575 4934
4576 4934
4577 4934
4578 4945
4579 4934
4580 4934
4581 4904
4582 4896
4583 4895
4584 4896
4585 4896
4586 4895
4587 4890
4588 4895
4589 4896
4590 4896
4591 4896
4592 4896
4593 4896
4594 4896
4595 4896
4596 4896
4597 4896
4598 4892
4599 4892
4600 4896
4601 4896
4602 4892
4603 4892
4604 4892
4605 4892
4606 4892
4607 4892
4608 4892
4609 4896
4610 4881
4611 4893
4612 4869
4613 4871
4614 4869
4615 4893
4616 4895
4617 4895
4618 4869
4619 4871
4620 4871
4621 4871
4622 4892
4623 4892
4624 4892
4625 4892
4626 4892
4627 4892
4628 4892
4629 4896
4630 4896
4631 4892
4632 4892
4633 4896
4634 4896
4635 4896
4636 4896
4637 4895
4638 4896
4639 4869
4640 4895
4641 4896
4642 4880
4643 4895
4644 4896
4645 4892
4646 4896
4647 4896
4648 4892
4649 4892
4650 4892
4651 4892
4652 4892
4653 4892
4654 4896
4655 4896
4656 4896
4657 4896
4658 4896
4659 4896
4660 4896
4661 4895
4662 4870
4663 4870
4664 4870
4665 4868
4666 4868
4667 4870
4668 4896
4669 4896
4670 4896
4671 4896
4672 4896
4673 4892
4674 4896
4675 4896
4676 4896
4677 4896
4678 4896
4679 4896
4680 4893
4681 4893
4682 4881
4683 4881
4684 4896
4685 4896
4686 4890
4687 4881
4688 4871
4689 4871
4690 4881
4691 4893
4692 4896
4693 4896
4694 4896
4695 4896
4696 4896
4697 4896
4698 4896
4699 4896
4700 4896
4701 4896
4702 4896
4703 4896
4704 4896
4705 4896
4706 4896
4707 4896
4708 4896
4709 4896
4710 4896
4711 4896
4712 4896
4713 4896
4714 4892
4715 4892
4716 4869
4717 4871
4718 4871
4719 4869
4720 4869
4721 4871
4722 4871
4723 4871
4724 4871
4725 4869
4726 4895
4727 4895
4728 4871
4729 4871
4730 4871
4731 4871
4732 4868
4733 4868
4734 4868
4735 4871
4736 4869
4737 4893
4738 4869
4739 4871
4740 4895
4741 4893
4742 4869
4743 4871
4744 4895
4745 4896
4746 4896
4747 4896
4748 4896
4749 4896
4750 4896
4751 4896
4752 4896
4753 4896
4754 4896
4755 4871
4756 4881
4757 4871
4758 4881
4759 4896
4760 4892
4761 4896
4762 4892
4763 4936
4764 4896
4765 4868
4766 4868
4767 4868
4768 4868
4769 4883
4770 4868
4771 4871
4772 4871
4773 4871
4774 4868
4775 4878
4776 4870
4777 4871
4778 4868
4779 4868
4780 4871
4781 4871
4782 4871
4783 4868
4784 4868
4785 4878
4786 4868
4787 4871
4788 4871
4789 4871
4790 4880
4791 4896
4792 4869
4793 4868
4794 4871
4795 4881
4796 4896
4797 4879
4798 4870
4799 4870
4800 4892
4801 4896
4802 4871
4803 4896
4804 4936
4805 4936
4806 4892
4807 4936
4808 4936
4809 4936
4810 4892
4811 4896
4812 4936
4813 4936
4814 4936
4815 4892
4816 4936
4817 4936
4818 4871
4819 4871
4820 4871
4821 4871
4822 4871
4823 4871
4824 4871
4825 4881
4826 4880
4827 4895
4828 4880
4829 4896
4830 4892
4831 4936
4832 4896
4833 4892
4834 4868
4835 4868
4836 4871
4837 4871
4838 4868
4839 4868
4840 4871
4841 4871
4842 4871
4843 4871
4844 4868
4845 4881
4846 4881
4847 4868
4848 4868
4849 4896
4850 4896
4851 4880
4852 4896
4853 4896
4854 4896
4855 4896
4856 4896
4857 4896
4858 4871
4859 4896
4860 4896
4861 4896
4862 4896
4863 4881
4864 4869
4865 4880
4866 4893
4867 4895
4868 4871
4869 4871
4870 4896
4871 4896
4872 4896
4873 4895
4874 4895
4875 4896
4876 4896
4877 4896
4878 4892
4879 4892
4880 4892
4881 4896
4882 4896
4883 4892
4884 4896
4885 4892
4886 4871
4887 4892
4888 4892
4889 4936
4890 4936
4891 4871
4892 4871
4893 4868
4894 4868
4895 4871
4896 4871
4897 4896
4898 4896
4899 4880
4900 4890
4901 4871
4902 4881
4903 4869
4904 4890
4905 4896
4906 4896
4907 4871
4908 4871
4909 4871
4910 4871
4911 4881
4912 4871
4913 4871
4914 4891
4915 4868
4916 4868
4917 4871
4918 4871
4919 4936
4920 4936
4921 4936
4922 4896
4923 4893
4924 4896
4925 4896
4926 4896
4927 4896
4928 4892
4929 4896
4930 4890
4931 4895
4932 4936
4933 4896
4934 4936
4935 4962
4936 4914
4937 4988
4938 4969
4939 4936
4940 4936
4941 4936
4942 4936
4943 4962
4944 4988
4945 4969
4946 4918
4947 4987
4948 4945
4949 4934
4950 4934
4951 4918
4952 4918
4953 4934
4954 4934
4955 4934
4956 4988
4957 4945
4958 4921
4959 4936
4960 4962
4961 4936
4962 4914
4963 4990
4964 4936
4965 4951
4966 4988
4967 4969
4968 4892
4969 4962
4970 4936
4971 4936
4972 4936
4973 4987
4974 4988
4975 4921
4976 4918
4977 4907
4978 4934
4979 4934
4980 4934
4981 4945
4982 4988
4983 4988
4984 4934
4985 4918
4986 4918
4987 4918
4988 4907
4989 4918
4990 4918
4991 4907
4992 4907
4993 4934
4994 4906
4995 4906
4996 4907
4997 4914
4998 4988
4999 4988
5000 4988
5001 4987
5002 4987
5003 4987
5004 4987
5005 4921
5006 4914
5007 4969
5008 4934
5009 4990
5010 4988
5011 4914
5012 4914
5013 4988
5014 4921
5015 4990
5016 4987
5017 4991
5018 4934
5019 4957
5020 4957
5021 4906
5022 4906
5023 4957
5024 422
5025 396
5026 422
5027 422
5028 422
5029 422
5030 396
5031 396
5032 422
5033 422
5034 422
5035 422
5036 97
5037 97
5038 97
5039 97
5040 97
5041 97
5042 423
5043 97
5044 423
5045 423
5046 422
5047 423
5048 97
5049 97
5050 97
5051 97
5052 422
5053 422
5054 422
5055 422
5056 97
5057 97
5058 422
5059 422
5060 422
5061 422
5062 422
5063 97
5064 97
5065 97
5066 97
5067 97
5068 97
5069 97
5070 97
5071 97
5072 300
5073 1607
5074 300
5075 300
5076 1604
5077 1546
5078 1630
5079 1630
5080 1630
5081 1605
5082 1605
5083 1631
5084 1605
5085 1546
5086 1604
5087 1603
5088 97
5089 303
5090 97
5091 97
5092 300
5093 303
5094 1604
5095 97
5096 97
5097 300
5098 1603
5099 300
5100 1604
5101 1604
5102 1603
5103 303
5104 1604
5105 1631
5106 303
5107 1630
5108 1630
5109 1605
5110 1605
5111 1604
5112 359
5113 303
5114 1607
5115 1603
5116 359
5117 393
5118 393
5119 359
5120 303
5121 302
5122 359
5123 393
5124 394
5125 394
5126 393
5127 394
5128 394
5129 394
5130 396
5131 396
5132 396
5133 394
5134 396
5135 394
5136 394
5137 396
5138 394
5139 396
5140 396
5141 396
5142 396
5143 422
5144 396
5145 422
5146 422
5147 396
5148 396
5149 422
5150 422
5151 396
5152 422
5153 422
5154 422
5155 422
5156 422
5157 422
5158 422
5159 422
5160 422
5161 422
5162 422
5163 422
5164 422
5165 422
5166 422
5167 422
5168 422
5169 422
5170 422
5171 422
5172 422
5173 302
5174 422
5175 422
5176 422
5177 422
5178 422
5179 97
5180 97
5181 97
5182 97
5183 97
5184 97
5185 97
5186 97
5187 97
5188 97
5189 97
5190 97
5191 97
5192 97
5193 97
5194 97
5195 97
5196 97
5197 97
5198 97
5199 97
5200 97
5201 97
5202 97
5203 97
5204 97
5205 97
5206 97
5207 97
5208 97
5209 97
5210 97
5211 97
5212 423
5213 97
5214 423
5215 97
5216 97
5217 97
5218 97
5219 97
5220 97
5221 97
5222 97
5223 97
5224 97
5225 97
5226 97
5227 97
5228 97
5229 97
5230 97
5231 97
5232 97
5233 97
5234 97
5235 97
5236 97
5237 97
5238 97
5239 97
5240 97
5241 97
5242 423
5243 423
5244 423
5245 423
5246 97
5247 97
5248 97
5249 97
5250 97
5251 97
5252 97
5253 97
5254 97
5255 97
5256 97
5257 97
5258 97
5259 97
5260 97
5261 97
5262 97
5263 97
5264 97
5265 97
5266 97
5267 97
5268 97
5269 97
5270 97
5271 97
5272 97
5273 97
5274 97
5275 97
5276 97
5277 97
5278 97
5279 97
5280 97
5281 97
5282 97
5283 97
5284 97
5285 97
5286 97
5287 423
5288 423
5289 97
5290 97
5291 97
5292 97
5293 97
5294 97
5295 97
5296 97
5297 97
5298 97
5299 97
5300 97
5301 97
5302 97
5303 97
5304 97
5305 97
5306 97
5307 97
5308 97
5309 97
5310 97
5311 97
5312 97
5313 97
5314 97
5315 97
5316 97
5317 97
5318 97
5319 97
5320 97
5321 97
5322 97
5323 97
5324 97
5325 97
5326 97
5327 97
5328 97
5329 97
5330 97
5331 97
5332 97
5333 97
5334 97
5335 97
5336 97
5337 97
5338 97
5339 98
5340 4872
5341 98
5342 98
5343 774
5344 98
5345 98
5346 98
5347 98
5348 774
5349 4879
5350 4868
5351 4871
5352 4871
5353 4867
5354 4868
5355 4870
5356 4871
5357 4892
5358 4892
5359 98
5360 98
5361 4936
5362 4871
5363 4871
5364 4936
5365 4936
5366 4868
5367 4877
5368 4870
5369 4871
5370 4936
5371 4934
5372 4934
5373 98
5374 98
5375 98
5376 98
5377 98
5378 98
5379 98
5380 98
5381 4877
5382 98
5383 4870
5384 98
5385 98
5386 98
5387 774
5388 4870
5389 774
5390 4870
5391 4871
5392 4871
5393 4970
5394 4871
5395 4936
5396 4936
5397 4892
5398 4871
5399 4870
5400 4877
5401 98
5402 98
5403 4870
5404 98
5405 98
5406 98
5407 98
5408 4871
5409 98
5410 774
5411 774
5412 4870
5413 4871
5414 4878
5415 4866
5416 4892
5417 4892
5418 4892
5419 4892
5420 4936
5421 4892
5422 4988
5423 4988
5424 4936
5425 4914
5426 4868
5427 4892
5428 4988
5429 4936
5430 774
5431 4868
5432 4936
5433 98
5434 4872
5435 4889
5436 4868
5437 4934
5438 4988
5439 4988
5440 4936
5441 98
5442 4892
5443 4907
5444 4899
5445 4934
5446 4934
5447 4942
5448 4942
5449 4934
5450 4973
5451 4899
5452 4988
5453 4988
5454 4988
5455 4988
5456 4934
5457 4907
5458 4934
5459 4988
5460 4988
5461 4988
5462 4930
5463 4961
5464 4983
5465 4963
5466 4965
5467 4937
5468 4910
5469 4994
5470 4937
5471 4937
5472 4996
5473 4961
5474 4937
5475 4994
5476 4949
5477 4953
5478 4963
5479 4932
5480 4979
5481 4937
5482 4937
5483 4937
5484 4937
5485 4937
5486 4937
5487 4937
5488 4937
5489 4937
5490 4937
5491 4937
5492 4937
5493 4937
5494 4937
5495 4937
5496 4937
5497 4937
5498 4937
5499 4937
5500 4937
5501 4937
5502 4937
5503 4937
5504 4963
5505 4937
5506 4937
5507 4937
5508 4937
5509 4937
5510 4898
5511 4937
5512 4937
5513 4937
5514 4937
5515 4937
5516 4937
5517 4937
5518 4937
5519 4937
5520 4937
5521 4937
5522 4937
5523 4937
5524 4937
5525 4937
5526 4937
5527 4937
5528 4937
5529 4937
5530 4937
5531 4937
5532 4937
5533 4937
5534 4937
5535 4937
5536 4937
5537 4937
5538 4937
5539 4937
5540 4937
5541 4937
5542 4937
5543 4937
5544 4937
5545 4937
5546 4937
5547 4937
5548 4937
5549 4937
5550 4937
5551 4937
5552 4937
5553 4937
5554 4937
5555 4937
5556 4937
5557 4937
5558 4937
5559 4937
5560 4937
5561 4937
5562 4937
5563 4937
5564 4937
5565 4937
5566 4937
5567 4937
5568 4937
5569 4937
5570 4937
5571 4937
5572 4937
5573 4937
5574 4937
5575 4937
5576 4937
5577 4937
5578 4937
5579 4937
5580 4937
5581 4937
5582 4937
5583 4937
5584 4937
5585 4937
5586 4937
5587 4937
5588 4937
5589 4937
5590 4937
5591 4937
5592 4937
5593 4937
5594 4937
5595 4937
5596 4937
5597 4937
5598 4937
5599 4937
5600 4937
5601 4937
5602 4937
5603 4937
5604 4937
5605 4937
5606 4937
5607 4937
5608 4937
5609 4937
5610 4937
5611 4937
5612 4937
5613 4937
5614 4937
5615 4937
5616 4937
5617 4937
5618 4937
5619 4937
5620 4937
5621 4937
5622 4937
5623 4937
5624 4937
5625 4937
5626 4937
5627 4937
5628 4937
5629 4937
5630 4937
5631 4937
5632 4937
5633 4937
5634 4937
5635 4937
5636 4937
5637 4937
5638 4937
5639 4937
5640 4937
5641 4937
5642 4937
5643 4937
5644 4937
5645 4937
5646 4937
5647 4937
5648 4937
5649 4937
5650 4937
5651 4937
5652 4937
5653 4937
5654 4937
5655 4937
5656 4937
5657 4937
5658 4937
5659 4937
5660 4937
5661 4937
5662 4937
5663 4937
5664 4937
5665 4937
5666 4937
5667 4937
5668 4937
5669 4937
5670 4937
5671 4937
5672 4937
5673 4937
5674 4937
5675 4937
5676 4937
5677 4996
5678 4937
5679 4996
5680 4937
5681 4898
5682 4937
5683 4986
5684 4937
5685 4932
5686 4907
5687 4930
5688 4918
5689 4937
5690 4937
5691 4937
5692 4937
5693 4937
5694 4937
5695 4937
5696 4937
5697 4937
5698 4937
5699 4937
5700 4937
5701 4937
5702 4937
5703 4937
5704 4937
5705 4937
5706 4937
5707 4937
5708 4937
5709 4937
5710 4937
5711 4937
5712 4937
5713 4937
5714 4937
5715 4937
5716 4937
5717 4937
5718 4937
5719 4937
5720 4937
5721 4937
5722 4937
5723 4937
5724 4937
5725 4937
5726 4937
5727 4937
5728 4937
5729 4937
5730 4937
5731 4937
5732 4937
5733 4937
5734 4937
5735 4937
5736 4937
5737 4937
5738 4937
5739 4937
5740 4937
5741 4937
5742 4937
5743 4937
5744 4937
5745 4937
5746 4937
5747 4937
5748 4937
5749 4937
5750 4937
5751 4937
5752 4937
5753 4937
5754 4937
5755 4937
5756 4937
5757 4937
5758 4937
5759 4937
5760 4937
5761 4937
5762 4937
5763 4937
5764 4937
5765 4937
5766 4937
5767 4937
5768 4937
5769 4937
5770 4937
5771 4937
5772 4937
5773 4937
5774 4937
5775 4937
5776 4937
5777 4937
5778 4937
5779 4937
5780 4937
5781 4937
5782 4937
5783 4937
5784 4937
5785 4937
5786 4937
5787 4937
5788 4937
5789 4937
5790 4937
5791 4937
5792 4937
5793 4937
5794 4937
5795 4937
5796 4937
5797 4937
5798 4937
5799 4937
5800 4937
5801 4937
5802 4937
5803 4937
5804 4937
5805 4937
5806 4937
5807 4937
5808 4937
5809 4937
5810 4937
5811 4937
5812 4937
5813 4937
5814 4937
5815 4937
5816 4937
5817 4937
5818 4937
5819 4937
5820 4937
5821 4937
5822 4937
5823 4937
5824 4937
5825 4937
5826 4937
5827 4937
5828 4937
5829 4937
5830 4937
5831 4937
5832 4937
5833 4937
5834 4937
5835 4937
5836 4937
5837 4937
5838 4937
5839 4937
5840 4937
5841 4937
5842 4937
5843 4937
5844 4937
5845 4937
5846 4937
5847 4937
5848 4937
5849 4937
5850 4937
5851 4937
5852 4937
5853 4937
5854 4937
5855 4937
5856 4937
5857 4937
5858 4937
5859 4937
5860 4937
5861 4937
5862 4937
5863 4937
5864 4937
5865 4937
5866 4937
5867 4937
5868 4937
5869 4937
5870 4937
5871 4937
5872 4937
5873 4937
5874 4937
5875 4937
5876 4937
5877 4937
5878 4937
5879 4937
5880 4937
5881 4937
5882 4937
5883 4937
5884 4937
5885 4937
5886 4937
5887 4937
5888 4937
5889 4937
5890 4937
5891 4937
5892 4937
5893 4937
5894 4937
5895 4937
5896 4937
5897 4937
5898 4937
5899 4937
5900 4937
5901 4937
5902 4937
5903 4937
5904 4937
5905 4937
5906 4937
5907 4937
5908 4937
5909 4937
5910 4937
5911 4937
5912 4937
5913 4937
5914 4937
5915 4937
5916 4937
5917 4937
5918 4937
5919 4937
5920 4937
5921 4937
5922 4937
5923 4937
5924 4937
5925 4937
5926 4937
5927 4937
5928 4937
5929 4937
5930 4937
5931 4937
5932 4937
5933 4937
5934 4937
5935 4937
5936 4937
5937 4937
5938 4937
5939 4937
5940 4937
5941 4937
5942 4937
5943 4937
5944 4937
5945 4937
5946 4937
5947 4937
5948 4937
5949 4937
5950 4937
5951 4937
5952 4937
5953 4937
5954 4937
5955 4937
5956 4937
5957 4937
5958 4937
5959 4937
5960 4937
5961 4937
5962 4937
5963 4937
5964 4937
5965 4937
5966 4937
5967 4937
5968 4937
5969 4937
5970 4937
5971 4937
5972 4937
5973 4937
5974 4937
5975 4937
5976 4937
5977 4937
5978 4937
5979 4937
5980 4937
5981 4937
5982 4937
5983 4937
5984 4937
5985 4937
5986 4937
5987 4937
5988 4937
5989 4937
5990 4937
5991 4937
5992 4937
5993 4937
5994 4937
5995 4937
5996 4937
5997 4937
5998 4937
5999 4937
6000 4937
6001 4937
6002 4937
6003 4937
6004 4937
6005 4937
6006 4937
6007 4937
6008 4937
6009 4937
6010 4937
6011 4937
6012 4937
6013 4937
6014 4937
6015 4937
6016 4937
6017 4937
6018 4937
6019 4937
6020 4937
6021 4937
6022 4937
6023 4961
6024 4899
6025 4994
6026 4918
6027 4937
6028 4937
6029 4937
6030 4937
6031 4937
6032 4937
6033 422
6034 396
6035 396
6036 422
6037 422
6038 396
6039 393
6040 97
6041 422
6042 422
6043 422
6044 422
6045 97
6046 97
6047 97
6048 97
6049 97
6050 97
6051 97
6052 97
6053 97
6054 422
6055 422
6056 422
6057 97
6058 97
6059 97
6060 97
6061 422
6062 422
6063 422
6064 422
6065 97
6066 359
6067 422
6068 422
6069 422
6070 422
6071 422
6072 97
6073 97
6074 97
6075 97
6076 303
6077 303
6078 97
6079 97
6080 303
6081 303
6082 97
6083 97
6084 300
6085 300
6086 303
6087 1604
6088 303
6089 1604
6090 1603
6091 1603
6092 300
6093 97
6094 97
6095 422
6096 422
6097 422
6098 422
6099 422
6100 422
6101 422
6102 422
6103 422
6104 422
6105 422
6106 422
6107 422
6108 422
6109 422
6110 422
6111 302
6112 1631
6113 422
6114 1605
6115 1630
6116 1607
6117 1604
6118 422
6119 1607
6120 1607
6121 1546
6122 1630
6123 1605
6124 1630
6125 1546
6126 1605
6127 300
6128 1604
6129 1603
6130 1607
6131 1605
6132 1604
6133 303
6134 303
6135 1630
6136 1630
6137 1605
6138 1604
6139 1603
6140 303
6141 359
6142 393
6143 359
6144 1540
6145 1607
6146 359
6147 393
6148 303
6149 303
6150 393
6151 393
6152 394
6153 393
6154 394
6155 394
6156 394
6157 396
6158 394
6159 396
6160 396
6161 396
6162 394
6163 394
6164 394
6165 396
6166 396
6167 396
6168 396
6169 396
6170 422
6171 396
6172 396
6173 422
6174 422
6175 396
6176 396
6177 422
6178 396
6179 422
6180 422
6181 422
6182 422
6183 422
6184 422
6185 422
6186 422
6187 422
6188 97
6189 97
6190 97
6191 97
6192 97
6193 97
6194 97
6195 97
6196 97
6197 97
6198 97
6199 97
6200 97
6201 97
6202 97
6203 97
6204 97
6205 97
6206 97
6207 97
6208 97
6209 97
6210 97
6211 97
6212 97
6213 97
6214 97
6215 97
6216 97
6217 97
6218 97
6219 97
6220 97
6221 422
6222 97
6223 422
6224 97
6225 97
6226 97
6227 97
6228 97
6229 97
6230 97
6231 97
6232 97
6233 97
6234 97
6235 97
6236 97
6237 97
6238 97
6239 97
6240 97
6241 97
6242 97
6243 97
6244 97
6245 97
6246 97
6247 97
6248 97
6249 97
6250 97
6251 422
6252 422
6253 422
6254 422
6255 97
6256 97
6257 97
6258 97
6259 97
6260 97
6261 97
6262 97
6263 97
6264 97
6265 97
6266 97
6267 97
6268 97
6269 97
6270 97
6271 97
6272 97
6273 97
6274 97
6275 97
6276 97
6277 97
6278 97
6279 97
6280 97
6281 97
6282 97
6283 97
6284 97
6285 97
6286 97
6287 97
6288 97
6289 97
6290 97
6291 97
6292 97
6293 97
6294 97
6295 97
6296 97
6297 422
6298 97
6299 97
6300 97
6301 97
6302 97
6303 97
6304 97
6305 97
6306 97
6307 97
6308 97
6309 97
6310 97
6311 97
6312 97
6313 97
6314 97
6315 97
6316 97
6317 97
6318 97
6319 97
6320 97
6321 97
6322 97
6323 97
6324 97
6325 97
6326 97
6327 97
6328 97
6329 97
6330 97
6331 97
6332 97
6333 97
6334 97
6335 97
6336 97
6337 4870
6338 4868
6339 4868
6340 4870
6341 4870
6342 4871
6343 4871
6344 4871
6345 4878
6346 4877
6347 2579
6348 2830
6349 2829
6350 2447
6351 4877
6352 2579
6353 1629
6354 1643
6355 2449
6356 1597
6357 1641
6358 4870
6359 4871
6360 4871
6361 4871
6362 4877
6363 4870
6364 4871
6365 4871
6366 4871
6367 4870
6368 1641
6369 97
6370 4877
6371 2580
6372 97
6373 2580
6374 4867
6375 97
6376 97
6377 97
6378 97
6379 97
6380 97
6381 97
6382 97
6383 97
6384 97
6385 97
6386 1641
6387 2580
6388 1641
6389 97
6390 97
6391 4870
6392 4877
6393 97
6394 2449
6395 4871
6396 4870
6397 4870
6398 4871
6399 4871
6400 4878
6401 2830
6402 2162
6403 4870
6404 4871
6405 4860
6406 4867
6407 1597
6408 97
6409 1643
6410 1643
6411 2449
6412 2829
6413 2447
6414 1641
6415 4886
6416 2829
6417 2579
6418 97
6419 1641
6420 1641
6421 4877
6422 2580
6423 4870
6424 2580
6425 4877
6426 2580
6427 4870
6428 4868
6429 4877
6430 4871
6431 4871
6432 4871
6433 4871
6434 4867
6435 4868
6436 4877
6437 2580
6438 4871
6439 4867
6440 4871
6441 4870
6442 2579
6443 1629
6444 4870
6445 2579
6446 4860
6447 4890
6448 4871
6449 4860
6450 4871
6451 2829
6452 4892
6453 4890
6454 4867
6455 4890
6456 4890
6457 4890
6458 4894
6459 4885
6460 4890
6461 4988
6462 4935
6463 4988
6464 4934
6465 4990
6466 4936
6467 4936
6468 4935
6469 4988
6470 4934
6471 4934
6472 4934
6473 4975
6474 4934
6475 4988
6476 4988
6477 4918
6478 4918
6479 4942
6480 4934
6481 4936
6482 4892
6483 4970
6484 4892
6485 4936
6486 4892
6487 4866
6488 4866
6489 4970
6490 4936
6491 4936
6492 4936
6493 4950
6494 4990
6495 4935
6496 4935
6497 4988
6498 4988
6499 4988
6500 4955
6501 4936
6502 4935
6503 4936
6504 4936
6505 4955
6506 4892
6507 4936
6508 4867
6509 4890
6510 4892
6511 4934
6512 4988
6513 4866
6514 4892
6515 4867
6516 4990
6517 4988
6518 4988
6519 4988
6520 4935
6521 4988
6522 4934
6523 4899
6524 4934
6525 4934
6526 4892
6527 4892
6528 4936
6529 4962
6530 4936
6531 4988
6532 4899
6533 4907
6534 4907
6535 4867
6536 4867
6537 4890
6538 4892
6539 4936
6540 4892
6541 4892
6542 4892
6543 4936
6544 4936
6545 4892
6546 4936
6547 4936
6548 4892
6549 4936
6550 4892
6551 4892
6552 4892
6553 4936
6554 4936
6555 4892
6556 4936
6557 4936
6558 4988
6559 4988
6560 4988
6561 4934
6562 4988
6563 4988
6564 4936
6565 4936
6566 4936
6567 4990
6568 4918
6569 4918
6570 4918
6571 4907
6572 4934
6573 4934
6574 4942
6575 4918
6576 4907
6577 4907
6578 4907
6579 4918
6580 4946
6581 4907
6582 4986
6583 4983
6584 4918
6585 4899
6586 4907
6587 4907
6588 4983
6589 4898
6590 4898
6591 4995
6592 4983
6593 4983
6594 4996
6595 4996
6596 4907
6597 4907
6598 4996
6599 4996
6600 4996
6601 4983
6602 4898
6603 4898
6604 4924
6605 4924
6606 4907
6607 4907
6608 4983
6609 4996
6610 4924
6611 4924
6612 4924
6613 4898
6614 4983
6615 4983
6616 4996
6617 4996
6618 4907
6619 4907
6620 4924
6621 4996
6622 4898
6623 4986
6624 4907
6625 4907
6626 4995
6627 4946
6628 4918
6629 4918
6630 4907
6631 4983
6632 4983
6633 4986
6634 4907
6635 4907
6636 4935
6637 4935
6638 4988
6639 4988
6640 4936
6641 4936
6642 4950
6643 4990
6644 4988
6645 4934
6646 4988
6647 4969
6648 4988
6649 4934
6650 4934
6651 4988
6652 4934
6653 4973
6654 4934
6655 4988
6656 4935
6657 4950
6658 4988
6659 4988
6660 4969
6661 4969
6662 4973
6663 4988
6664 4934
6665 4934
6666 4988
6667 4990
6668 4934
6669 4975
6670 4907
6671 4934
6672 4934
6673 4934
6674 4988
6675 4988
6676 4907
6677 4934
6678 4934
6679 4934
6680 4988
6681 4988
6682 4934
6683 4907
6684 4907
6685 4934
6686 4934
6687 4934
6688 4988
6689 4988
6690 4907
6691 4934
6692 4934
6693 4934
6694 4988
6695 4988
6696 4934
6697 4918
6698 4899
6699 4934
6700 4936
6701 4936
6702 4990
6703 4955
6704 4936
6705 4969
6706 4936
6707 4936
6708 4990
6709 4988
6710 4936
6711 4936
6712 4936
6713 4988
6714 4955
6715 4988
6716 4988
6717 4936
6718 4936
6719 4936
6720 4988
6721 4950
6722 4936
6723 4990
6724 4936
6725 4988
6726 4934
6727 4936
6728 4936
6729 4955
6730 4892
6731 4892
6732 4936
6733 4892
6734 4936
6735 4955
6736 4934
6737 4975
6738 4934
6739 4899
6740 4942
6741 4918
6742 4936
6743 4936
6744 4988
6745 4946
6746 4983
6747 4898
6748 4898
6749 4918
6750 4986
6751 4898
6752 4996
6753 4996
6754 4918
6755 4934
6756 4988
6757 4934
6758 4983
6759 4996
6760 4924
6761 4924
6762 4907
6763 4983
6764 4996
6765 4924
6766 4924
6767 4907
6768 4934
6769 4988
6770 4934
6771 4918
6772 4907
6773 4907
6774 4986
6775 4973
6776 4918
6777 4907
6778 4907
6779 4907
6780 4973
6781 4988
6782 4990
6783 4988
6784 4988
6785 4990
6786 4988
6787 4988
6788 4907
6789 4907
6790 4907
6791 4907
6792 4907
6793 4907
6794 4907
6795 4986
6796 4907
6797 4983
6798 4986
6799 4983
6800 4898
6801 4983
6802 4995
6803 4898
6804 4996
6805 4996
6806 4983
6807 4924
6808 4924
6809 4924
6810 4996
6811 4924
6812 4924
6813 4924
6814 4924
6815 4924
6816 4924
6817 4924
6818 4924
6819 4924
6820 4924
6821 4924
6822 4924
6823 4924
6824 4996
6825 4996
6826 4996
6827 4996
6828 4996
6829 4996
6830 4996
6831 4996
6832 4996
6833 4996
6834 4996
6835 4983
6836 4996
6837 4906
6838 4946
6839 4983
6840 4898
6841 4907
6842 4907
6843 4907
6844 4907
6845 4907
6846 4907
6847 4907
6848 4907
6849 4918
6850 4918
6851 4918
6852 4918
6853 4907
6854 4907
6855 4899
6856 4918
6857 4918
6858 4934
6859 4973
6860 4988
6861 4942
6862 4918
6863 4918
6864 4934
6865 4996
6866 4996
6867 4996
6868 4924
6869 4996
6870 4983
6871 4906
6872 4906
6873 4907
6874 4946
6875 4907
6876 4986
6877 4986
6878 4907
6879 4907
6880 4918
6881 4983
6882 4983
6883 4995
6884 4898
6885 4907
6886 4907
6887 4907
6888 4986
6889 4918
6890 4975
6891 4899
6892 4918
6893 4934
6894 4934
6895 4934
6896 4899
6897 4934
6898 4934
6899 4973
6900 4988
6901 4988
6902 4934
6903 4934
6904 4934
6905 4934
6906 4934
6907 4899
6908 4899
6909 4899
6910 4934
6911 4918
6912 4918
6913 4918
6914 4907
6915 4907
6916 4907
6917 4918
6918 4918
6919 4907
6920 4907
6921 4907
6922 4907
6923 4946
6924 4907
6925 4907
6926 4907
6927 4946
6928 4907
6929 4946
6930 4986
6931 4986
6932 4907
6933 4907
6934 4907
6935 4907
6936 4907
6937 4907
6938 4946
6939 4918
6940 4907
6941 4907
6942 4918
6943 4918
6944 4918
6945 4907
6946 4918
6947 4918
6948 4918
6949 4973
6950 4973
6951 4973
6952 4899
6953 4975
6954 4934
6955 4934
6956 4934
6957 4988
6958 4934
6959 4996
6960 4996
6961 4924
6962 4996
6963 4996
6964 4983
6965 4983
6966 4983
6967 4906
6968 4983
6969 4983
6970 4996
6971 4898
6972 4995
6973 4996
6974 4924
6975 4924
6976 4924
6977 4924
6978 4924
6979 4924
6980 4924
6981 4907
6982 4918
6983 4907
6984 4907
6985 4907
6986 4918
6987 4918
6988 4918
6989 4918
6990 4907
6991 4995
6992 4983
6993 4983
6994 4995
6995 4986
6996 4946
6997 4907
6998 4996
6999 4996
7000 4996
7001 4996
7002 4996
7003 4996
7004 4996
7005 4983
7006 4983
7007 4983
7008 4946
7009 4907
7010 4946
7011 4907
7012 4907
7013 4907
7014 4946
7015 4983
7016 4898
7017 4996
7018 4996
7019 4996
7020 4996
7021 4996
7022 4907
7023 4907
7024 4907
7025 4907
7026 4918
7027 4907
7028 4907
7029 4918
7030 4918
7031 4934
7032 4934
7033 4934
7034 4899
7035 4918
7036 4918
7037 4918
7038 4907
7039 4907
7040 4907
7041 4907
7042 1880
7043 1927
7044 1743
7045 1760
7046 1887
7047 2590
7048 1927
7049 1927
7050 2617
7051 2617
7052 2590
7053 1928
7054 4991
7055 4934
7056 2617
7057 1927
7058 2617
7059 1936
7060 1935
7061 1820
7062 2617
7063 1884
7064 1820
7065 2617
7066 4918
7067 4987
7068 1881
7069 2590
7070 1820
7071 2617
7072 1935
7073 2617
7074 4918
7075 1820
7076 2617
7077 4918
7078 1927
7079 4918
7080 4934
7081 1928
7082 1935
7083 1936
7084 2617
7085 1743
7086 1760
7087 2617
7088 1820
7089 4987
7090 4918
7091 2617
7092 1820
7093 1884
7094 1881
7095 1887
7096 4937
7097 4937
7098 4937
7099 4937
7100 4937
7101 4937
7102 4937
7103 4937
7104 4937
7105 4937
7106 4937
7107 4937
7108 4937
7109 4937
7110 4937
7111 4937
7112 4937
7113 4937
7114 4937
7115 4937
7116 4937
7117 4937
7118 4937
7119 4937
7120 4937
7121 4937
7122 4937
7123 4937
7124 4937
7125 4937
7126 4904
7127 4987
7128 4868
7129 4868
7130 4937
7131 4937
7132 4920
7133 4868
7134 4868
7135 4958
7136 4862
7137 4868
7138 4934
7139 4988
7140 4868
7141 4934
7142 4937
7143 4937
7144 4934
7145 4868
7146 4937
7147 4937
7148 4937
7149 4937
7150 4868
7151 4920
7152 4868
7153 4934
7154 4937
7155 4937
7156 4872
7157 4872
7158 4872
7159 4872
7160 4872
7161 4872
7162 426
7163 426
7164 426
7165 426
7166 426
7167 426
7168 426
7169 426
7170 426
7171 426
7172 426
7173 4872
7174 426
7175 426
7176 426
7177 4872
7178 426
7179 426
7180 426
7181 426
7182 426
7183 426
7184 426
7185 426
7186 426
7187 426
7188 426
7189 426
7190 426
7191 426
7192 426
7193 426
7194 426
7195 426
7196 426
7197 4872
7198 426
7199 4872
7200 426
7201 426
7202 426
7203 426
7204 426
7205 426
7206 2449
